0
0.0815250000000001
0.163049
0.244574
0.326098
0.407623
0.489147
0.570672
0.652196
0.733721
0.815245
0.89677
0.978294
1.059819
1.141343
1.222868
1.304393
1.385917
1.467442
1.548966
1.630491
1.712015
1.793539
1.875064
1.956589
2.038113
2.119638
2.201162
2.282687
2.364211
2.445736
2.52726
2.608785
2.69031
2.771834
2.853358
2.934883
3.016407
3.097932
3.179457
3.260981
3.342506
3.42403
3.505554
3.587079
3.668604
3.750128
3.831653
3.913177
3.994701
4.076226
4.157751
4.239275
4.3208
4.402328
4.483849
4.565373
4.646898
4.728422
4.809947
4.891472
4.972996
5.05452
5.136045
5.217569
5.299095
5.380619
5.462143
5.543668
5.625192
5.706717
5.788241
5.869766
5.95129
6.032815
6.11434
6.195864
6.277388
6.358913
6.440437
6.521962
6.603487
6.685011
6.766535
6.84806
6.929585
7.011109
7.092634
7.174158
7.255683
7.337207
7.418731
7.500256
7.581781
7.663305
7.74483
7.826354
7.907879
7.989403
8.070927
8.152453
8.233977
8.315502
8.397026
8.47855
8.560078
8.641599
8.723124
8.804649
8.886173
8.967698
9.049222
9.130746
9.212271
9.293796
9.37532
9.456845
9.538369
9.619894
9.701418
9.782943
9.864467
9.945992
10.027517
10.109041
10.190565
10.27209
10.353614
10.435139
10.516664
10.598188
10.679713
10.761237
10.842761
10.924286
11.005811
11.087335
11.16886
11.250384
11.331909
11.413433
11.494958
11.576483
11.658007
11.739532
11.821056
11.90258
11.984105
12.065629
12.147154
12.228679
12.310203
12.391728
12.473252
12.554776
12.636301
12.717829
12.799351
12.880875
12.962399
13.043923
13.125448
13.206973
13.288497
13.370022
13.451547
13.533071
13.614595
13.69612
13.777644
13.859169
13.940693
14.022218
14.103742
14.185267
14.266791
14.348316
14.429841
14.511365
14.59289
14.674414
14.755938
14.837463
14.918988
15.000512
15.082037
15.163562
15.245086
15.32661
15.408135
15.489659
15.571184
15.652709
15.734233
15.815757
15.897282
15.978806
16.060332
16.141856
16.22338
16.304905
16.386429
16.467954
16.549478
16.631003
16.712527
16.794052
16.875576
16.957101
17.038625
17.12015
17.201674
17.283199
17.364724
17.446248
17.527772
17.609297
17.690821
17.772346
17.853871
17.935395
18.01692
18.098444
18.179968
18.261493
18.343018
18.424542
18.506067
18.587591
18.669116
18.75064
18.832165
18.913689
18.995214
19.076739
19.158263
19.239787
19.321312
19.402837
19.484361
19.565886
19.64741
19.728935
19.810459
19.891984
19.973508
20.055033
20.136557
20.218082
20.299606
20.381131
20.462655
20.544179
20.625705
20.707229
20.788754
20.870278
20.951802
21.033327
21.114852
21.196376
21.277901
21.359425
21.440953
21.522474
21.603998
21.685523
21.767048
21.848572
21.930097
22.011621
22.093146
22.17467
22.256195
22.33772
22.419244
22.500769
22.582293
22.663817
22.745342
22.826866
22.908391
22.989916
23.07144
23.152965
23.234489
23.316014
23.397538
23.479063
23.560588
23.642112
23.723636
23.80516
23.886685
23.96821
24.049735
24.131259
24.212784
24.294308
24.375832
24.457357
24.538882
24.620406
24.701931
24.783455
24.864979
24.946504
25.028028
25.109553
25.191078
25.272603
25.354127
25.435651
25.517175
25.598703
25.680225
25.76175
25.843274
25.924798
26.006323
26.087847
26.169372
26.250896
26.332421
26.413946
26.49547
26.576994
26.658519
26.740044
26.821568
26.903093
26.984617
27.066142
27.147666
27.22919
27.310715
27.39224
27.473764
27.555289
27.636813
27.718338
27.799862
27.881387
27.962912
28.044436
28.125961
28.207485
28.289009
28.370534
28.452058
28.533583
28.615108
28.696632
28.778157
28.859681
28.941206
29.02273
29.104255
29.18578
29.267304
29.348828
29.430353
29.511877
29.593402
29.674926
29.756454
29.837976
29.9195
30.001024
30.082549
30.164073
30.245598
30.327123
30.408647
30.490172
30.571696
30.653221
30.734745
30.81627
30.897794
30.979319
31.060843
31.142368
31.223892
31.305417
31.386941
31.468466
31.549991
31.631515
31.713039
31.794564
31.876089
31.957613
32.039138
32.120662
32.202187
32.283711
32.365236
32.44676
32.528285
32.60981
32.691334
32.772858
32.854383
32.935907
33.017432
33.098957
33.180481
33.262006
33.34353
33.425054
33.506579
33.588104
33.669628
33.751153
33.832677
33.914201
33.995726
34.077251
34.158775
34.2403
34.321824
34.403349
34.484873
34.566398
34.647922
34.729447
34.810972
34.892496
34.97402
35.055545
35.137069
35.218594
35.300119
35.381643
35.463168
35.544692
35.626216
35.707741
35.789266
35.87079
35.952315
36.03384
36.115364
36.196888
36.278413
36.359937
36.441462
36.522987
36.604511
36.686035
36.76756
36.849085
36.930609
37.012134
37.093658
37.175183
37.256707
37.338231
37.419756
37.501281
37.582805
37.66433
37.745854
37.827379
37.908903
37.990427
38.071953
38.153477
38.235002
38.316526
38.39805
38.479578
38.561099
38.642624
38.724149
38.805673
38.887198
38.968722
39.050246
39.131771
39.213295
39.29482
39.376345
39.457869
39.539394
39.620918
39.702443
39.783967
39.865492
39.947017
40.028541
40.110065
40.19159
40.273114
40.354639
40.436164
40.517688
40.599213
40.680737
40.762261
40.843786
40.925311
41.006836
41.08836
41.169884
41.251409
41.332933
41.414458
41.495983
41.577507
41.659032
41.740556
41.82208
41.903605
41.985129
42.066654
42.148179
42.229703
42.311228
42.392752
42.474276
42.555801
42.637329
42.718851
42.800375
42.881899
42.963423
43.044948
43.126473
43.207997
43.289522
43.371047
43.452571
43.534095
43.61562
43.697144
43.778669
43.860193
43.941718
44.023242
44.104767
44.186291
44.267816
44.349341
44.430865
44.51239
44.593914
44.675438
44.756963
44.838488
44.920012
45.001537
45.083061
45.164586
45.24611
45.327635
45.409159
45.490684
45.572209
45.653733
45.735257
45.816782
45.898306
45.979831
46.061356
46.142881
46.224405
46.305929
46.387454
46.468978
46.550503
46.632027
46.713552
46.795076
46.876601
46.958125
47.03965
47.121174
47.202699
47.284224
47.365748
47.447272
47.528797
47.610321
47.691846
47.773371
47.854895
47.93642
48.017944
48.099469
48.180993
48.262518
48.344042
48.425567
48.507091
48.588616
48.67014
48.751665
48.833189
48.914714
48.996239
49.077763
49.159287
49.240812
49.322336
49.403861
49.485386
49.56691
49.648435
49.729959
49.811484
49.893008
49.974533
50.056057
50.137582
50.219106
50.300631
50.382155
50.46368
50.545205
50.626729
50.708254
50.789778
50.871302
50.952827
51.034352
51.115876
51.197401
51.278925
51.360453
51.441974
51.523498
51.605023
51.686548
51.768072
51.849597
51.931121
52.012646
52.09417
52.175695
52.25722
52.338744
52.420269
52.501793
52.583317
52.664842
52.746366
52.827891
52.909416
52.99094
53.072465
53.153989
53.235514
53.317038
53.398563
53.480088
53.561612
53.643136
53.72466
53.806185
53.88771
53.969235
54.050759
54.132284
54.213808
54.295332
54.376857
54.458382
54.539906
54.621431
54.702955
54.784479
54.866004
54.947528
55.029053
55.110578
55.192103
55.273627
55.355151
55.436675
55.518203
55.599725
55.68125
55.762774
55.844298
55.925823
56.007347
56.088872
56.170396
56.251921
56.333445
56.41497
56.496494
56.578019
56.659543
56.741068
56.822593
56.904117
56.985642
57.067166
57.14869
57.230215
57.31174
57.393264
57.474789
57.556313
57.637838
57.719362
57.800887
57.882412
57.963936
58.045461
58.126985
58.208509
58.290034
58.371558
58.453083
58.534608
58.616132
58.697657
58.779181
58.860706
58.94223
59.023755
59.10528
59.186804
59.268328
59.349853
59.431377
59.512902
59.594426
59.675954
59.757476
59.839
59.920524
60.002049
60.083573
60.165098
60.246623
60.328147
60.409672
60.491196
60.572721
60.654245
60.73577
60.817294
60.898819
60.980343
61.061868
61.143392
61.224917
61.306441
61.387966
61.469491
61.551015
61.632539
61.714064
61.795589
61.877113
61.958638
62.040162
62.121687
62.203211
62.284736
62.36626
62.447785
62.529309
62.610834
62.692358
62.773883
62.855407
62.936932
63.018457
63.099981
63.181506
63.26303
63.344554
63.426079
63.507604
63.589128
63.670653
63.752177
63.833701
63.915226
63.996751
64.078275
64.1598
64.241324
64.322849
64.404373
64.485897
64.567422
64.648946
64.730472
64.811996
64.89352
64.975045
65.056569
65.138094
65.219619
65.301143
65.382668
65.464192
65.545716
65.627241
65.708765
65.79029
65.871815
65.95334
66.034864
66.116388
66.197913
66.279437
66.360962
66.442486
66.524011
66.605535
66.68706
66.768584
66.850109
66.931634
67.013158
67.094683
67.176207
67.257731
67.339256
67.420781
67.502305
67.58383
67.665354
67.746879
67.828403
67.909927
67.991453
68.072977
68.154502
68.236026
68.31755
68.399078
68.480599
68.562124
68.643649
68.725173
68.806698
68.888222
68.969746
69.051271
69.132795
69.21432
69.295845
69.377369
69.458894
69.540418
69.621942
69.703467
69.784992
69.866517
69.948041
70.029565
70.11109
70.192614
70.274139
70.355663
70.437188
70.518713
70.600237
70.681761
70.763286
70.844811
70.926335
71.00786
71.089384
71.170909
71.252433
71.333958
71.415482
71.497007
71.578531
71.660056
71.74158
71.823105
71.904629
71.986154
72.067679
72.149203
72.230728
72.312252
72.393776
72.475301
72.556829
72.63835
72.719875
72.801399
72.882923
72.964448
73.045973
73.127497
73.209022
73.290547
73.372071
73.453595
73.53512
73.616644
73.698169
73.779693
73.861218
73.942742
74.024267
74.105791
74.187316
74.268841
74.350365
74.43189
74.513414
74.594938
74.676463
74.757987
74.839512
74.921037
75.002561
75.084086
75.16561
75.247135
75.328659
75.410184
75.491709
75.573233
75.654757
75.736282
75.817806
75.899331
75.980856
76.06238
76.143905
76.225429
76.306954
76.388478
76.470003
76.551527
76.633052
76.71458
76.796101
76.877625
76.95915
77.040674
77.122199
77.203724
77.285248
77.366772
77.448297
77.529821
77.611346
77.692871
77.774395
77.85592
77.937444
78.018968
78.100493
78.182018
78.263542
78.345067
78.426591
78.508116
78.58964
78.671164
78.752689
78.834214
78.915739
78.997263
79.078787
79.160312
79.241836
79.323361
79.404885
79.48641
79.567935
79.649459
79.730984
79.812508
79.894033
79.975557
80.057082
80.138606
80.220131
80.301655
80.38318
80.464704
80.546229
80.627753
80.709278
80.790802
80.872327
80.953851
81.035376
81.1169
81.198425
81.279953
81.361474
81.442998
81.524523
81.606047
81.687572
81.769097
81.850621
81.932145
82.01367
82.095194
82.17672
82.258244
82.339769
82.421293
82.502817
82.584342
82.665866
82.747391
82.828916
82.91044
82.991965
83.073489
83.155013
83.236538
83.318062
83.399588
83.481112
83.562636
83.64416
83.725685
83.80721
83.888734
83.970259
84.051784
84.133308
84.214832
84.296357
84.377881
84.459406
84.54093
84.622455
84.703979
84.785504
84.867028
84.948553
85.030078
85.111602
85.193127
85.274651
85.356175
85.437703
85.519225
85.60075
85.682274
85.763798
85.845323
85.926847
86.008372
86.089896
86.171421
86.252946
86.33447
86.415994
86.497519
86.579043
86.660568
86.742093
86.823617
86.905142
86.986666
87.06819
87.149715
87.23124
87.312764
87.394289
87.475813
87.557338
87.638862
87.720386
87.801911
87.883436
87.964961
88.046485
88.128009
88.209534
88.291058
88.372583
88.454108
88.535632
88.617157
88.698681
88.780205
88.86173
88.943255
89.024779
89.106304
89.187828
89.269353
89.350877
89.432402
89.513926
89.595454
89.676976
89.7585
89.840024
89.921548
90.003073
90.084598
90.166123
90.247647
90.329172
90.410696
90.492221
90.573745
90.65527
90.736794
90.818319
90.899843
90.981367
91.062892
91.144416
91.225941
91.307466
91.388991
91.470515
91.552039
91.633564
91.715089
91.796613
91.878138
91.959662
92.041187
92.122711
92.204235
92.28576
92.367284
92.448809
92.530334
92.611858
92.693382
92.774907
92.856432
92.937957
93.019481
93.101006
93.18253
93.264054
93.345579
93.427103
93.508628
93.590152
93.671677
93.753201
93.834726
93.91625
93.997775
94.0793
94.160824
94.242349
94.323873
94.405397
94.486922
94.568446
94.649971
94.731496
94.81302
94.894545
94.976069
95.057594
95.139119
95.220643
95.302168
95.383692
95.465216
95.546741
95.628265
95.70979
95.791314
95.872839
95.954364
96.035888
96.117412
96.198937
96.280462
96.361987
96.443511
96.525035
96.60656
96.688084
96.769609
96.851133
96.932658
97.014182
97.095707
97.177231
97.258756
97.34028
97.421805
97.50333
97.584854
97.666379
97.747903
97.829427
97.910952
97.992477
98.074001
98.155526
98.23705
98.318578
98.400099
98.481624
98.563148
98.644673
98.726197
98.807722
98.889246
98.970771
99.052295
99.13382
99.215345
99.296869
99.378394
99.459918
99.541442
99.622967
99.704492
99.786016
99.867541
99.949065
100.03059
100.112114
100.193639
100.275163
100.356688
100.438213
100.519737
100.601261
100.682785
100.76431
100.845835
100.92736
101.008884
101.090409
101.171933
101.253457
101.334982
101.416507
101.498031
101.579556
101.66108
101.742604
101.824129
101.905653
101.987178
102.068703
102.150228
102.231752
102.313276
102.394801
102.476329
102.55785
102.639375
102.720899
102.802423
102.883948
102.965473
103.046997
103.128521
103.210046
103.291571
103.373095
103.45462
103.536144
103.617669
103.699193
103.780718
103.862242
103.943767
104.025291
104.106815
104.18834
104.269865
104.35139
104.432914
104.514438
104.595963
104.677487
104.759012
104.840537
104.922061
105.003586
105.08511
105.166634
105.248159
105.329683
105.411209
105.492733
105.574257
105.655782
105.737306
105.818831
105.900355
105.98188
106.063405
106.144929
106.226453
106.307978
106.389502
106.471027
106.552551
106.634079
106.715601
106.797125
106.87865
106.960174
107.041699
107.123223
107.204748
107.286272
107.367797
107.449321
107.530846
107.61237
107.693895
107.775419
107.856944
107.938468
108.019993
108.101518
108.183042
108.264567
108.346091
108.427616
108.50914
108.590664
108.672189
108.753714
108.835238
108.916763
108.998287
109.079812
109.161336
109.242861
109.324385
109.40591
109.487435
109.568959
109.650483
109.732008
109.813532
109.895057
109.976582
110.058106
110.139631
110.221155
110.302679
110.384204
110.465729
110.547253
110.628778
110.710302
110.791826
110.873351
110.954875
111.0364
111.117925
111.199453
111.280974
111.362498
111.444023
111.525547
111.607072
111.688597
111.770121
111.851645
111.93317
112.014694
112.096219
112.177744
112.259268
112.340793
112.422317
112.503842
112.585366
112.666891
112.748415
112.82994
112.911465
112.992989
113.074513
113.156038
113.237562
113.319087
113.400612
113.482136
113.56366
113.645185
113.72671
113.808234
113.889759
113.971283
114.052808
114.134332
114.215856
114.297381
114.378906
114.46043
114.541955
114.623479
114.705004
114.786528
114.868052
114.949578
115.031102
115.112627
115.194151
115.275675
115.357203
115.438724
115.520249
115.601773
115.683298
115.764823
115.846347
115.927871
116.009396
116.090921
116.172445
116.25397
116.335494
116.417019
116.498543
116.580068
116.661592
116.743117
116.824642
116.906166
116.98769
117.069215
117.15074
117.232264
117.313789
117.395313
117.476838
117.558362
117.639886
117.721411
117.802936
117.88446
117.965985
118.047509
118.129034
118.210558
118.292083
118.373608
118.455132
118.536657
118.618181
118.699705
118.78123
118.862754
118.944279
119.025804
119.107328
119.188853
119.270377
119.351901
119.433426
119.514954
119.596476
119.678
119.759524
119.841048
119.922573
120.004098
120.085622
120.167147
120.248672
120.330196
120.41172
120.493245
120.574769
120.656294
120.737818
120.819343
120.900867
120.982392
121.063916
121.145441
121.226966
121.30849
121.390015
121.471539
121.553063
121.634588
121.716113
121.797637
121.879162
121.960687
122.042211
122.123735
122.20526
122.286784
122.368309
122.449834
122.531358
122.612882
122.694407
122.775931
122.857456
122.938981
123.020505
123.10203
123.183554
123.265079
123.346603
123.428128
123.509652
123.591177
123.672705
123.754226
123.83575
123.917275
123.998799
124.080324
124.161849
124.243373
124.324897
124.406422
124.487946
124.569471
124.650996
124.73252
124.814045
124.895569
124.977093
125.058618
125.140143
125.221667
125.303192
125.384716
125.466241
125.547765
125.62929
125.710814
125.792339
125.873864
125.955388
126.036912
126.118437
126.199962
126.281486
126.36301
126.444535
126.52606
126.607584
126.689109
126.770633
126.852158
126.933682
127.015207
127.096731
127.178256
127.25978
127.341305
127.42283
127.504354
127.585878
127.667403
127.748927
127.830452
127.911977
127.993501
128.075026
128.15655
128.238078
128.319599
128.401123
128.482648
128.564172
128.645697
128.727222
128.808746
128.89027
128.971795
129.053319
129.134845
129.216369
129.297894
129.379418
129.460942
129.542467
129.623991
129.705516
129.78704
129.868565
129.95009
130.031614
130.113138
130.194663
130.276188
130.357713
130.439237
130.520761
130.602285
130.68381
130.765335
130.846859
130.928384
131.009908
131.091433
131.172957
131.254482
131.336006
131.417531
131.499056
131.58058
131.662104
131.743629
131.825153
131.906678
131.988203
132.069727
132.151252
132.232776
132.3143
132.395828
132.47735
132.558875
132.640399
132.721923
132.803448
132.884972
132.966497
133.048021
133.129546
133.211071
133.292595
133.374119
133.455644
133.537168
133.618693
133.700218
133.781742
133.863267
133.944791
134.026315
134.10784
134.189365
134.270889
134.352414
134.433938
134.515463
134.596987
134.678512
134.760036
134.841561
134.923086
135.00461
135.086134
135.167659
135.249183
135.330708
135.412233
135.493757
135.575282
135.656806
135.738331
135.819855
135.90138
135.982904
136.064429
136.145953
136.227478
136.309002
136.390527
136.472051
136.553579
136.635101
136.716625
136.798149
136.879673
136.961198
137.042723
137.124248
137.205772
137.287297
137.368821
137.450346
137.53187
137.613395
137.694919
137.776444
137.857968
137.939492
138.021017
138.102541
138.184066
138.265591
138.347116
138.42864
138.510164
138.591689
138.673213
138.754738
138.836263
138.917787
138.999312
139.080836
139.16236
139.243885
139.325409
139.406934
139.488459
139.569983
139.651508
139.733032
139.814556
139.896082
139.977606
140.059131
140.140655
140.222179
140.303704
140.385228
140.466753
140.548278
140.629802
140.711326
140.792851
140.874376
140.9559
141.037425
141.118949
141.200474
141.281998
141.363522
141.445047
141.526571
141.608096
141.689621
141.771145
141.85267
141.934194
142.015719
142.097244
142.178768
142.260293
142.341817
142.423341
142.504866
142.58639
142.667915
142.749439
142.830965
142.912489
142.994013
143.075537
143.157062
143.238587
143.320112
143.401636
143.48316
143.564685
143.646209
143.727734
143.809258
143.890783
143.972307
144.053832
144.135356
144.216881
144.298405
144.37993
144.461455
144.542979
144.624504
144.706028
144.787552
144.869077
144.950602
145.032126
145.113651
145.195175
145.276703
145.358224
145.439749
145.521273
145.602798
145.684323
145.765847
145.847371
145.928896
146.01042
146.091945
146.17347
146.254994
146.336519
146.418043
146.499567
146.581092
146.662617
146.744142
146.825666
146.90719
146.988715
147.070239
147.151764
147.233288
147.314813
147.396338
147.477862
147.559386
147.640911
147.722435
147.80396
147.885485
147.967009
148.048534
148.130058
148.211582
148.293107
148.374632
148.456156
148.537681
148.619205
148.70073
148.782254
148.863779
148.945303
149.026828
149.108353
149.189877
149.271401
149.352926
149.434454
149.515975
149.5975
149.679024
149.760548
149.842073
149.923598
150.005122
150.086647
150.168171
150.249696
150.33122
150.412745
150.494269
150.575794
150.657318
150.738843
150.820367
150.901892
150.983416
151.06494
151.146466
151.22799
151.309515
151.391039
151.472563
151.554088
151.635612
151.717137
151.798662
151.880186
151.961711
152.043235
152.124759
152.206284
152.287809
152.369334
152.450858
152.532382
152.613907
152.695431
152.776956
152.85848
152.940005
153.02153
153.103054
153.184578
153.266103
153.347627
153.429152
153.510676
153.592204
153.673726
153.75525
153.836774
153.918299
153.999824
154.081348
154.162873
154.244397
154.325922
154.407446
154.488971
154.570495
154.65202
154.733544
154.815069
154.896593
154.978118
155.059643
155.141167
155.222692
155.304216
155.385741
155.467265
155.548789
155.630314
155.711839
155.793363
155.874888
155.956412
156.037937
156.119461
156.200986
156.28251
156.364035
156.44556
156.527084
156.608608
156.690133
156.771657
156.853182
156.934707
157.016231
157.097756
157.17928
157.260804
157.342329
157.423854
157.505378
157.586903
157.668427
157.749951
157.831476
157.913001
157.994525
158.07605
158.157578
158.239099
158.320623
158.402148
158.483672
158.565197
158.646722
158.728246
158.80977
158.891295
158.972819
159.054344
159.135869
159.217393
159.298918
159.380442
159.461967
159.543491
159.625016
159.70654
159.788065
159.86959
159.951114
160.032638
160.114163
160.195687
160.277212
160.358737
160.440261
160.521785
160.60331
160.684835
160.766359
160.847884
160.929408
161.010933
161.092457
161.173981
161.255506
161.337031
161.418556
161.50008
161.581604
161.663129
161.744653
161.826177
161.907703
161.989227
162.070752
162.152276
162.2338
162.315328
162.396849
162.478374
162.559899
162.641423
162.722948
162.804472
162.885997
162.967521
163.049046
163.13057
163.212095
163.293619
163.375144
163.456668
163.538193
163.619717
163.701242
163.782767
163.864291
163.945815
164.02734
164.108864
164.190389
164.271914
164.353438
164.434963
164.516487
164.598011
164.679536
164.761061
164.842586
164.92411
165.005634
165.087159
165.168683
165.250208
165.331733
165.413257
165.494782
165.576306
165.65783
165.739355
165.820879
165.902404
165.983929
166.065453
166.146978
166.228502
166.310026
166.391551
166.473079
166.554601
166.636125
166.717649
166.799173
166.880698
166.962223
167.043747
167.125272
167.206797
167.288321
167.369845
167.45137
167.532894
167.614419
167.695943
167.777468
167.858992
167.940517
168.022041
168.103566
168.185091
168.266615
168.34814
168.429664
168.511188
168.592713
168.674238
168.755762
168.837287
168.918811
169.000336
169.08186
169.163385
169.244909
169.326434
169.407959
169.489483
169.571007
169.652532
169.734056
169.815581
169.897106
169.97863
170.060155
170.141679
170.223204
170.304728
170.386253
170.467777
170.549302
170.630826
170.712351
170.793875
170.8754
170.956924
171.038449
171.119974
171.201498
171.283022
171.364547
171.446071
171.527596
171.609121
171.690645
171.77217
171.853694
171.935218
172.016743
172.098268
172.179792
172.261317
172.342841
172.424366
172.50589
172.587415
172.668939
172.750464
172.831989
172.913513
172.995037
173.076562
173.158086
173.239611
173.321136
173.40266
173.484185
173.565709
173.647234
173.728758
173.810283
173.891807
173.973332
174.054856
174.136381
174.217905
174.29943
174.380955
174.462479
174.544004
174.625528
174.707052
174.788577
174.870102
174.951626
175.033151
175.114675
175.196203
175.277724
175.359248
175.440773
175.522298
175.603822
175.685347
175.766871
175.848395
175.92992
176.011444
176.09297
176.174494
176.256019
176.337543
176.419067
176.500592
176.582116
176.663641
176.745166
176.82669
176.908215
176.989739
177.071263
177.152788
177.234313
177.315838
177.397362
177.478886
177.56041
177.641935
177.72346
177.804985
177.886509
177.968033
178.049558
178.131082
178.212607
178.294131
178.375656
178.457181
178.538705
178.620229
178.701754
178.783278
178.864803
178.946328
179.027853
179.109377
179.190901
179.272425
179.353953
179.435475
179.517
179.598524
179.680048
179.761573
179.843097
179.924622
180.006146
180.087671
180.169196
180.25072
180.332244
180.413769
180.495293
180.576818
180.658343
180.739867
180.821392
180.902916
180.98444
181.065965
181.14749
181.229014
181.310539
181.392063
181.473588
181.555112
181.636637
181.718161
181.799686
181.881211
181.962735
182.044259
182.125784
182.207308
182.288833
182.370358
182.451882
182.533407
182.614931
182.696456
182.77798
182.859505
182.941029
183.022554
183.104078
183.185603
183.267127
183.348652
183.430176
183.511704
183.593226
183.67475
183.756274
183.837798
183.919323
184.000848
184.082373
184.163897
184.245422
184.326946
184.408471
184.489995
184.57152
184.653044
184.734569
184.816093
184.897617
184.979142
185.060666
185.142191
185.223716
185.305241
185.386765
185.468289
185.549814
185.631339
185.712863
185.794388
185.875912
185.957437
186.038961
186.120485
186.20201
186.283534
186.365059
186.446584
186.528108
186.609633
186.691157
186.772682
186.854207
186.935731
187.017256
187.09878
187.180304
187.261829
187.343353
187.424878
187.506402
187.587927
187.669451
187.750976
187.832501
187.914025
187.99555
188.077074
188.158599
188.240123
188.321647
188.403172
188.484696
188.566222
188.647746
188.72927
188.810795
188.892319
188.973844
189.055369
189.136893
189.218418
189.299942
189.381466
189.462991
189.544515
189.62604
189.707564
189.78909
189.870614
189.952138
190.033662
190.115187
190.196712
190.278237
190.359761
190.441285
190.52281
190.604334
190.685859
190.767383
190.848908
190.930432
191.011957
191.093481
191.175006
191.256531
191.338055
191.41958
191.501104
191.582629
191.664153
191.745677
191.827202
191.908727
191.990251
192.071776
192.1533
192.234828
192.316349
192.397874
192.479398
192.560923
192.642448
192.723972
192.805496
192.887021
192.968545
193.05007
193.131595
193.213119
193.294644
193.376168
193.457692
193.539217
193.620742
193.702266
193.783791
193.865315
193.94684
194.028364
194.109889
194.191413
194.272938
194.354463
194.435987
194.517511
194.599035
194.68056
194.762085
194.84361
194.925134
195.006659
195.088183
195.169707
195.251232
195.332757
195.414281
195.495806
195.57733
195.658854
195.740379
195.821903
195.903428
195.984953
196.066478
196.148002
196.229526
196.311051
196.392578
196.4741
196.555625
196.637149
196.718673
196.800198
196.881722
196.963247
197.044772
197.126296
197.207821
197.289345
197.37087
197.452394
197.533919
197.615443
197.696968
197.778492
197.860017
197.941541
198.023065
198.104591
198.186115
198.26764
198.349164
198.430688
198.512213
198.593737
198.675262
198.756787
198.838311
198.919836
199.00136
199.082884
199.164409
199.245933
199.327458
199.408983
199.490507
199.572032
199.653556
199.735081
199.816605
199.89813
199.979655
200.061179
200.142703
200.224228
200.305752
200.387277
200.468801
200.550329
200.631851
200.713375
200.794899
200.876424
200.957948
201.039473
201.120998
201.202522
201.284047
201.365571
201.447096
201.52862
201.610145
201.691669
201.773194
201.854718
201.936243
202.017767
202.099292
202.180816
202.262341
202.343866
202.42539
202.506914
202.588439
202.669964
202.751488
202.833013
202.914537
202.996062
203.077586
203.159111
203.240635
203.32216
203.403684
203.485209
203.566733
203.648258
203.729782
203.811307
203.892832
203.974356
204.055881
204.137405
204.218929
204.300454
204.381979
204.463503
204.545028
204.626552
204.708076
204.789601
204.871126
204.95265
205.034175
205.115699
205.197224
205.278748
205.360272
205.441797
205.523322
205.604847
205.686371
205.767895
205.84942
205.930944
206.012469
206.093994
206.175518
206.257043
206.338567
206.420092
206.501616
206.583141
206.664665
206.74619
206.827715
206.909239
206.990763
207.072288
207.153812
207.235337
207.316862
207.398386
207.47991
207.561435
207.64296
207.724484
207.806009
207.887533
207.969058
208.050582
208.132106
208.213631
208.295156
208.37668
208.458205
208.539729
208.621254
208.702778
208.784302
208.865828
208.947352
209.028877
209.110401
209.191925
209.273453
209.354974
209.436499
209.518024
209.599548
209.681073
209.762597
209.844121
209.925646
210.00717
210.088695
210.17022
210.251744
210.333269
210.414793
210.496317
210.577842
210.659367
210.740892
210.822416
210.90394
210.985465
211.066989
211.148514
211.230038
211.311563
211.393088
211.474612
211.556136
211.637661
211.719185
211.80071
211.882235
211.963759
212.045284
212.126808
212.208333
212.289857
212.371382
212.452906
212.534431
212.615955
212.69748
212.779004
212.860529
212.942054
213.023578
213.105103
213.186627
213.268151
213.349676
213.431204
213.512725
213.59425
213.675774
213.757298
213.838823
213.920348
214.001872
214.083397
214.164922
214.246446
214.32797
214.409495
214.491019
214.572544
214.654068
214.735593
214.817117
214.898642
214.980166
215.061691
215.143216
215.22474
215.306265
215.387789
215.469313
215.550838
215.632362
215.713887
215.795412
215.876936
215.958461
216.039985
216.121509
216.203034
216.284559
216.366084
216.447608
216.529132
216.610657
216.692181
216.773706
216.85523
216.936755
217.01828
217.099804
217.181328
217.262853
217.344378
217.425902
217.507427
217.588954
217.670476
217.752
217.833525
217.915049
217.996574
218.078099
218.159623
218.241147
218.322672
218.404196
218.485721
218.567245
218.64877
218.730295
218.811819
218.893343
218.974868
219.056393
219.137917
219.219442
219.300966
219.382491
219.464015
219.545539
219.627064
219.708589
219.790114
219.871638
219.953162
220.034687
220.116211
220.197736
220.27926
220.360785
220.44231
220.523834
220.605358
220.686883
220.768407
220.849932
220.931457
221.012981
221.094506
221.17603
221.257554
221.339079
221.420604
221.502128
221.583653
221.665177
221.746701
221.828226
221.909751
221.991275
222.0728
222.154328
222.235849
222.317373
222.398898
222.480422
222.561947
222.643472
222.724996
222.80652
222.888045
222.969569
223.051094
223.132619
223.214143
223.295668
223.377192
223.458717
223.540241
223.621766
223.703291
223.784815
223.86634
223.947864
224.029388
224.110913
224.192437
224.273962
224.355487
224.437011
224.518535
224.60006
224.681585
224.763109
224.844634
224.926158
225.007683
225.089207
225.170731
225.252256
225.333781
225.415305
225.49683
225.578354
225.659879
225.741403
225.822927
225.904453
225.985977
226.067502
226.149026
226.23055
226.312078
226.393599
226.475124
226.556649
226.638173
226.719698
226.801222
226.882747
226.964271
227.045796
227.12732
227.208845
227.290369
227.371894
227.453418
227.534943
227.616467
227.697992
227.779517
227.861041
227.942565
228.02409
228.105615
228.187139
228.268664
228.350188
228.431713
228.513237
228.594761
228.676286
228.757811
228.839335
228.92086
229.002384
229.083909
229.165433
229.246958
229.328482
229.410007
229.491532
229.573056
229.65458
229.736105
229.817629
229.899154
229.980679
230.062203
230.143728
230.225252
230.306776
230.388301
230.469829
230.551351
230.632875
230.714399
230.795923
230.877448
230.958973
231.040497
231.122022
231.203547
231.285071
231.366595
231.44812
231.529644
231.611169
231.692693
231.774218
231.855742
231.937267
232.018791
232.100316
232.181841
232.263365
232.34489
232.426414
232.507938
232.589463
232.670988
232.752512
232.834037
232.915561
232.997086
233.07861
233.160135
233.241659
233.323184
233.404709
233.486233
233.567757
233.649282
233.730806
233.812331
233.893856
233.97538
234.056905
234.138429
234.219954
234.301478
234.383003
234.464527
234.546052
234.627576
234.709101
234.790625
234.87215
234.953674
235.035199
235.116724
235.198248
235.279772
235.361297
235.442821
235.524346
235.605871
235.687395
235.76892
235.850444
235.931968
236.013493
236.095018
236.176542
236.258067
236.339591
236.421116
236.50264
236.584164
236.665689
236.747214
236.828739
236.910263
236.991787
237.073312
237.154836
237.236361
237.317885
237.39941
237.480935
237.562459
237.643983
237.725508
237.807032
237.888557
237.970082
238.051606
238.133131
238.214655
238.29618
238.377704
238.459229
238.540753
238.622278
238.703802
238.785327
238.866852
238.948376
239.029901
239.111425
239.192953
239.274474
239.355998
239.437523
239.519048
239.600572
239.682097
239.763621
239.845145
239.92667
240.008194
240.08972
240.171244
240.252769
240.334293
240.415817
240.497342
240.578866
240.660391
240.741916
240.82344
240.904965
240.986489
241.068013
241.149538
241.231062
241.312588
241.394112
241.475636
241.55716
241.638685
241.72021
241.801734
241.883259
241.964783
242.046308
242.127832
242.209357
242.290881
242.372406
242.45393
242.535455
242.616979
242.698504
242.780028
242.861553
242.943078
243.024602
243.106127
243.187651
243.269175
243.350703
243.432225
243.513749
243.595274
243.676798
243.758323
243.839847
243.921372
244.002896
244.084421
244.165945
244.24747
244.328994
244.410519
244.492043
244.573568
244.655093
244.736617
244.818142
244.899666
244.98119
245.062715
245.14424
245.225764
245.307289
245.388813
245.470338
245.551862
245.633386
245.714911
245.796436
245.877961
245.959485
246.041009
246.122534
246.204058
246.285583
246.367108
246.448632
246.530157
246.611681
246.693205
246.77473
246.856254
246.937779
247.019304
247.100828
247.182353
247.263877
247.345401
247.426926
247.508454
247.589976
247.6715
247.753024
247.834548
247.916073
247.997598
248.079122
248.160647
248.242172
248.323696
248.40522
248.486745
248.568269
248.649794
248.731319
248.812843
248.894367
248.975892
249.057416
249.138941
249.220466
249.30199
249.383515
249.465039
249.546563
249.628089
249.709613
249.791138
249.872662
249.954187
250.035711
250.117235
250.19876
250.280284
250.361809
250.443334
250.524858
250.606382
250.687907
250.769431
250.850956
250.932481
251.014006
251.09553
251.177054
251.258579
251.340103
251.421628
251.503153
251.584677
251.666201
251.747726
251.82925
251.910775
251.992299
252.073824
252.155349
252.236873
252.318397
252.399922
252.481446
252.562971
252.644496
252.72602
252.807545
252.889069
252.970594
253.052118
253.133643
253.215168
253.296692
253.378216
253.459741
253.541265
253.62279
253.704314
253.785839
253.867364
253.948888
254.030412
254.111937
254.193462
254.274986
254.356511
254.438035
254.51956
254.601084
254.682609
254.764133
254.845658
254.927182
255.008707
255.090231
255.171756
255.25328
255.334805
255.41633
255.497854
255.579379
255.660903
255.742427
255.823952
255.905477
255.987001
256.068526
256.15005
256.231578
256.313099
256.394623
256.476148
256.557673
256.639197
256.720722
256.802246
256.88377
256.965295
257.04682
257.128345
257.209869
257.291394
257.372918
257.454442
257.535967
257.617491
257.699016
257.780541
257.862065
257.94359
258.025114
258.106639
258.188163
258.269688
258.351213
258.432737
258.514261
258.595785
258.67731
258.758835
258.840359
258.921884
259.003408
259.084933
259.166457
259.247982
259.329507
259.411031
259.492556
259.57408
259.655604
259.737129
259.818653
259.900178
259.981703
260.063228
260.144752
260.226276
260.3078
260.389328
260.47085
260.552375
260.633899
260.715423
260.796948
260.878472
260.959997
261.041521
261.123046
261.20457
261.286095
261.367619
261.449144
261.530668
261.612193
261.693718
261.775242
261.856767
261.938291
262.019815
262.10134
262.182865
262.264389
262.345914
262.427438
262.508963
262.590487
262.672012
262.753536
262.835061
262.916586
262.99811
263.079634
263.161159
263.242683
263.324208
263.405733
263.487257
263.568782
263.650306
263.731831
263.813355
263.89488
263.976404
264.057929
264.139453
264.220978
264.302502
264.384027
264.465551
264.547079
264.628601
264.710125
264.791649
264.873173
264.954698
265.036223
265.117748
265.199272
265.280797
265.362321
265.443846
265.52537
265.606895
265.688419
265.769944
265.851468
265.932992
266.014517
266.096042
266.177566
266.259091
266.340616
266.42214
266.503664
266.585189
266.666714
266.748238
266.829763
266.911287
266.992812
267.074336
267.15586
267.237385
267.318909
267.400434
267.481959
267.563483
267.645007
267.726532
267.808056
267.889582
267.971106
268.052631
268.134155
268.215679
268.297204
268.378728
268.460253
268.541777
268.623302
268.704826
268.786351
268.867876
268.9494
269.030925
269.112449
269.193974
269.275498
269.357022
269.438547
269.520071
269.601597
269.683121
269.764645
269.84617
269.927694
270.009219
270.090744
270.172268
270.253793
270.335317
270.416841
270.498366
270.57989
270.661415
270.742939
270.824464
270.905989
270.987513
271.069037
271.150562
271.232087
271.313612
271.395136
271.47666
271.558185
271.639709
271.721234
271.802758
271.884283
271.965807
272.047332
272.128856
272.210381
272.291905
272.37343
272.454955
272.536479
272.618004
272.699528
272.781052
272.862577
272.944102
273.025626
273.107151
273.188675
273.270203
273.351724
273.433249
273.514773
273.596298
273.677822
273.759347
273.840871
273.922396
274.00392
274.085445
274.16697
274.248494
274.330019
274.411543
274.493067
274.574592
274.656117
274.737641
274.819166
274.90069
274.982215
275.063739
275.145264
275.226788
275.308313
275.389838
275.471362
275.552886
275.63441
275.715935
275.79746
275.878985
275.960509
276.042034
276.123558
276.205082
276.286607
276.368132
276.449656
276.531181
276.612705
276.694229
276.775754
276.857278
276.938803
277.020328
277.101853
277.183377
277.264901
277.346426
277.427953
277.509475
277.591
277.672524
277.754048
277.835573
277.917097
277.998622
278.080146
278.161671
278.243196
278.32472
278.406245
278.487769
278.569294
278.650818
278.732343
278.813867
278.895392
278.976916
279.05844
279.139966
279.22149
279.303015
279.384539
279.466063
279.547588
279.629112
279.710637
279.792162
279.873686
279.955211
280.036735
280.118259
280.199784
280.281308
280.362833
280.444358
280.525882
280.607407
280.688931
280.770456
280.85198
280.933505
281.01503
281.096554
281.178078
281.259603
281.341127
281.422652
281.504176
281.585704
281.667226
281.74875
281.830274
281.911799
281.993323
282.074848
282.156373
282.237897
282.319422
282.400946
282.482471
282.563995
282.64552
282.727044
282.808569
282.890093
282.971618
283.053142
283.134667
283.216191
283.297716
283.379241
283.460765
283.542289
283.623814
283.705339
283.786863
283.868388
283.949912
284.031437
284.112961
284.194486
284.27601
284.357535
284.439059
284.520584
284.602108
284.683633
284.765157
284.846682
284.928207
285.009731
285.091256
285.17278
285.254304
285.335829
285.417354
285.498878
285.580403
285.661927
285.743451
285.824976
285.906501
285.988025
286.06955
286.151074
286.232599
286.314123
286.395647
286.477172
286.558696
286.640222
286.721746
286.80327
286.884795
286.966319
287.047844
287.129369
287.210893
287.292418
287.373942
287.455466
287.536991
287.618515
287.70004
287.781564
287.86309
287.944614
288.026138
288.107662
288.189187
288.270712
288.352237
288.433761
288.515285
288.59681
288.678334
288.759859
288.841383
288.922908
289.004432
289.085957
289.167481
289.249006
289.33053
289.412055
289.49358
289.575104
289.656629
289.738153
289.819677
289.901202
289.982727
290.064251
290.145776
290.2273
290.308828
290.390349
290.471874
290.553399
290.634923
290.716448
290.797972
290.879496
290.961021
291.042545
291.12407
291.205595
291.287119
291.368644
291.450168
291.531692
291.613217
291.694742
291.776267
291.857791
291.939315
292.02084
292.102364
292.183889
292.265413
292.346938
292.428463
292.509987
292.591511
292.673036
292.75456
292.836085
292.91761
292.999134
293.080659
293.162183
293.243707
293.325232
293.406757
293.488281
293.569806
293.65133
293.732855
293.814379
293.895904
293.977428
294.058953
294.140478
294.222002
294.303526
294.385051
294.466579
294.5481
294.629625
294.711149
294.792673
294.874198
294.955723
295.037247
295.118772
295.200296
295.281821
295.363345
295.44487
295.526394
295.607919
295.689443
295.770968
295.852492
295.934017
296.015541
296.097065
296.178591
296.260115
296.34164
296.423164
296.504688
296.586213
296.667737
296.749262
296.830787
296.912311
296.993836
297.07536
297.156884
297.238409
297.319933
297.401459
297.482983
297.564507
297.646032
297.727556
297.809081
297.890605
297.97213
298.053655
298.135179
298.216703
298.298228
298.379752
298.461277
298.542802
298.624329
298.705851
298.787375
298.8689
298.950424
299.031949
299.113473
299.194998
299.276522
299.358047
299.439571
299.521096
299.60262
299.684145
299.765669
299.847194
299.928718
300.010243
300.091768
300.173292
300.254817
300.336341
300.417866
300.49939
300.580914
300.662439
300.743964
300.825488
300.907013
300.988537
301.070062
301.151586
301.233111
301.314635
301.39616
301.477685
301.559209
301.640733
301.722258
301.803782
301.885307
301.966832
302.048356
302.129881
302.211405
302.292929
302.374454
302.455979
302.537503
302.619028
302.700552
302.782076
302.863601
302.945126
303.02665
303.108175
303.189703
303.271224
303.352748
303.434273
303.515797
303.597322
303.678847
303.760371
303.841895
303.92342
304.004944
304.086469
304.167994
304.249518
304.331043
304.412567
304.494092
304.575616
304.657141
304.738665
304.82019
304.901715
304.983239
305.064763
305.146288
305.227812
305.309337
305.390862
305.472386
305.55391
305.635435
305.71696
305.798484
305.880009
305.961533
306.043058
306.124582
306.206106
306.287631
306.369156
306.45068
306.532205
306.613729
306.695254
306.776778
306.858303
306.939828
307.021352
307.102877
307.184401
307.265925
307.347453
307.428974
307.510499
307.592024
307.673548
307.755073
307.836597
307.918121
307.999646
308.08117
308.162695
308.24422
308.325744
308.407269
308.488793
308.570318
308.651843
308.733367
308.814892
308.896416
308.97794
309.059465
309.140989
309.222514
309.304038
309.385563
309.467088
309.548612
309.630136
309.711661
309.793186
309.87471
309.956235
310.037759
310.119284
310.200808
310.282333
310.363857
310.445382
310.526907
310.608431
310.689955
310.77148
310.853004
310.934529
311.016054
311.097578
311.179103
311.260627
311.342151
311.423676
311.505204
311.586726
311.66825
311.749774
311.831298
311.912823
311.994348
312.075872
312.157397
312.238922
312.320446
312.40197
312.483495
312.565019
312.646544
312.728068
312.809593
312.891117
312.972642
313.054166
313.135691
313.217216
313.29874
313.380265
313.461789
313.543313
313.624838
313.706363
313.787887
313.869412
313.950936
314.032461
314.113985
314.19551
314.277034
314.358559
314.440084
314.521608
314.603132
314.684657
314.766181
314.847706
314.929231
315.010755
315.09228
315.173804
315.255329
315.336853
315.418378
315.499902
315.581427
315.662951
315.744476
315.826
315.907525
315.989049
316.070574
316.152099
316.233623
316.315147
316.396672
316.478196
316.559721
316.641246
316.72277
316.804295
316.885819
316.967343
317.048868
317.130393
317.211917
317.293442
317.374966
317.456491
317.538015
317.61954
317.701064
317.782589
317.864114
317.945638
318.027162
318.108687
318.190211
318.271736
318.35326
318.434785
318.51631
318.597834
318.679358
318.760883
318.842408
318.923932
319.005457
319.086981
319.168506
319.25003
319.331555
319.413079
319.494604
319.576128
319.657653
319.739177
319.820702
319.902226
319.983751
320.065276
320.1468
320.228328
320.309849
320.391373
320.472898
320.554423
320.635947
320.717472
320.798996
320.88052
320.962045
321.043569
321.125094
321.206619
321.288144
321.369668
321.451192
321.532717
321.614241
321.695766
321.777291
321.858815
321.94034
322.021864
322.103388
322.184913
322.266437
322.347963
322.429487
322.511011
322.592535
322.67406
322.755585
322.837109
322.918634
323.000158
323.081683
323.163207
323.244732
323.326256
323.407781
323.489305
323.57083
323.652354
323.733879
323.815403
323.896928
323.978453
324.059977
324.141502
324.223026
324.30455
324.386078
324.4676
324.549124
324.630649
324.712173
324.793698
324.875222
324.956747
325.038271
325.119796
325.20132
325.282845
325.364369
325.445894
325.527418
325.608943
325.690468
325.771992
325.853517
325.935041
326.016565
326.09809
326.179615
326.261139
326.342664
326.424188
326.505713
326.587237
326.668761
326.750286
326.831811
326.913336
326.99486
327.076384
327.157909
327.239433
327.320958
327.402483
327.484007
327.565532
327.647056
327.72858
327.810105
327.891629
327.973154
328.054679
328.136203
328.217728
328.299252
328.380776
328.462301
328.543829
328.625351
328.706875
328.788399
328.869923
328.951448
329.032973
329.114497
329.196022
329.277547
329.359071
329.440595
329.52212
329.603644
329.685169
329.766693
329.848218
329.929742
330.011267
330.092791
330.174316
330.255841
330.337365
330.41889
330.500414
330.581938
330.663463
330.744988
330.826513
330.908037
330.989562
331.071086
331.15261
331.234135
331.315659
331.397184
331.478709
331.560233
331.641757
331.723282
331.804806
331.886331
331.967856
332.049381
332.130905
332.212429
332.293954
332.375478
332.457003
332.538527
332.620052
332.701576
332.783101
332.864625
332.94615
333.027674
333.109199
333.190724
333.272248
333.353772
333.435297
333.516821
333.598346
333.679871
333.761395
333.84292
333.924444
334.005968
334.087493
334.169018
334.250542
334.332067
334.413591
334.495116
334.57664
334.658165
334.739689
334.821214
334.902739
334.984263
335.065787
335.147312
335.228836
335.310361
335.391886
335.47341
335.554935
335.636459
335.717984
335.799508
335.881033
335.962557
336.044082
336.125606
336.207131
336.288655
336.37018
336.451705
336.533229
336.614754
336.696278
336.777802
336.859327
336.940852
337.022376
337.103901
337.185425
337.266953
337.348474
337.429998
337.511523
337.593048
337.674572
337.756097
337.837621
337.919145
338.00067
338.082194
338.16372
338.245244
338.326769
338.408293
338.489817
338.571342
338.652866
338.734391
338.815916
338.89744
338.978965
339.060489
339.142013
339.223538
339.305063
339.386588
339.468112
339.549636
339.63116
339.712685
339.79421
339.875734
339.957259
340.038783
340.120308
340.201832
340.283357
340.364881
340.446406
340.527931
340.609455
340.690979
340.772504
340.854028
340.935553
341.017078
341.098602
341.180127
341.261651
341.343175
341.424703
341.506225
341.58775
341.669274
341.750798
341.832323
341.913847
341.995372
342.076896
342.158421
342.239946
342.32147
342.402994
342.484519
342.566043
342.647568
342.729093
342.810617
342.892142
342.973666
343.05519
343.136715
343.21824
343.299764
343.381289
343.462813
343.544338
343.625862
343.707387
343.788911
343.870436
343.951961
344.033485
344.115009
344.196534
344.278058
344.359583
344.441108
344.522632
344.604157
344.685681
344.767205
344.84873
344.930254
345.011779
345.093304
345.174828
345.256353
345.337877
345.419402
345.500926
345.582454
345.663976
345.7455
345.827024
345.908548
345.990073
346.071598
346.153123
346.234647
346.316172
346.397696
346.479221
346.560745
346.64227
346.723794
346.805319
346.886843
346.968367
347.049892
347.131416
347.212941
347.294466
347.375991
347.457515
347.539039
347.620564
347.702089
347.783613
347.865138
347.946662
348.028187
348.109711
348.191235
348.27276
348.354284
348.435809
348.517334
348.598858
348.680382
348.761907
348.843431
348.924957
349.006481
349.088006
349.16953
349.251054
349.332579
349.414103
349.495628
349.577152
349.658677
349.740201
349.821726
349.903251
349.984775
350.0663
350.147824
350.229349
350.310873
350.392397
350.473922
350.555446
350.636971
350.718496
350.80002
350.881545
350.963069
351.044594
351.126118
351.207643
351.289168
351.370692
351.452216
351.533741
351.615265
351.69679
351.778314
351.859839
351.941364
352.022888
352.104412
352.185937
352.267462
352.348987
352.430511
352.512035
352.59356
352.675084
352.756609
352.838133
352.919658
353.001182
353.082707
353.164231
353.245756
353.32728
353.408805
353.49033
353.571854
353.653379
353.734903
353.816427
353.897952
353.979477
354.061001
354.142526
354.22405
354.305578
354.387099
354.468624
354.550148
354.631673
354.713197
354.794722
354.876246
354.957771
355.039295
355.12082
355.202345
355.283869
355.365394
355.446918
355.528442
355.609967
355.691492
355.773016
355.854541
355.936065
356.01759
356.099114
356.180639
356.262163
356.343688
356.425213
356.506737
356.588261
356.669785
356.75131
356.832835
356.91436
356.995884
357.077409
357.158933
357.240457
357.321982
357.403507
357.485031
357.566556
357.64808
357.729604
357.811129
357.892653
357.974178
358.055703
358.137228
358.218752
358.300276
358.3818
358.463328
358.54485
358.626375
358.707899
358.789423
358.870948
358.952472
359.033997
359.115521
359.197046
359.278571
359.360095
359.441619
359.523144
359.604669
359.686193
359.767718
359.849242
359.930767
360.012291
360.093815
360.17534
360.256865
360.338389
360.419914
360.501438
360.582963
360.664487
360.746012
360.827537
360.909061
360.990586
361.07211
361.153634
361.235159
361.316683
361.398208
361.479733
361.561257
361.642782
361.724306
361.805831
361.887355
361.96888
362.050404
362.131929
362.213453
362.294978
362.376502
362.458027
362.539551
362.621079
362.702601
362.784125
362.865649
362.947173
363.028698
363.110223
363.191748
363.273272
363.354797
363.436321
363.517846
363.59937
363.680895
363.762419
363.843944
363.925468
364.006993
364.088517
364.170042
364.251566
364.333091
364.414616
364.49614
364.577664
364.659189
364.740714
364.822238
364.903763
364.985287
365.066812
365.148336
365.22986
365.311385
365.39291
365.474434
365.555959
365.637483
365.719008
365.800532
365.882057
365.963582
366.045106
366.126631
366.208155
366.289679
366.371204
366.452729
366.534253
366.615777
366.697302
366.778826
366.860351
366.941876
367.0234
367.104925
367.186449
367.267974
367.349498
367.431022
367.512547
367.594071
367.675597
367.757121
367.838645
367.92017
368.001694
368.083219
368.164744
368.246268
368.327793
368.409317
368.490841
368.572366
368.65389
368.735415
368.816939
368.898465
368.979989
369.061513
369.143038
369.224562
369.306087
369.387612
369.469136
369.55066
369.632185
369.71371
369.795234
369.876758
369.958283
370.039807
370.121332
370.202856
370.284381
370.365905
370.44743
370.528955
370.610479
370.692004
370.773528
370.855052
370.936577
371.018102
371.099626
371.181151
371.262675
371.344203
371.425724
371.507249
371.588773
371.670298
371.751823
371.833347
371.914871
371.996396
372.07792
372.159445
372.24097
372.322494
372.404019
372.485543
372.567067
372.648592
372.730117
372.811641
372.893166
372.97469
373.056215
373.137739
373.219264
373.300788
373.382313
373.463838
373.545362
373.626886
373.70841
373.789935
373.87146
373.952985
374.034509
374.116034
374.197558
374.279082
374.360607
374.442132
374.523656
374.605181
374.686705
374.768229
374.849754
374.931278
375.012803
375.094328
375.175853
375.257377
375.338901
375.420426
375.501954
375.583475
375.665
375.746524
375.828048
375.909573
375.991097
376.072622
376.154147
376.235671
376.317196
376.39872
376.480244
376.561769
376.643294
376.724818
376.806343
376.887867
376.969392
377.050916
377.13244
377.213965
377.29549
377.377014
377.458539
377.540063
377.621588
377.703112
377.784637
377.866162
377.947686
378.029211
378.110735
378.192259
378.273784
378.355308
378.436834
378.518358
378.599882
378.681407
378.762931
378.844456
378.92598
379.007505
379.08903
379.170554
379.252078
379.333603
379.415127
379.496652
379.578176
379.659704
379.741226
379.82275
379.904274
379.985799
380.067323
380.148848
380.230373
380.311897
380.393422
380.474946
380.556471
380.637995
380.71952
380.801044
380.882569
380.964093
381.045618
381.127142
381.208667
381.290191
381.371716
381.453241
381.534765
381.616289
381.697814
381.779339
381.860863
381.942388
382.023912
382.105437
382.186961
382.268486
382.35001
382.431535
382.51306
382.594584
382.676108
382.757633
382.839157
382.920682
383.002207
383.083731
383.165256
383.24678
383.328304
383.409829
383.491354
383.572878
383.654403
383.735927
383.817451
383.898976
383.980501
384.062025
384.14355
384.225074
384.306599
384.388123
384.469648
384.551172
384.632697
384.714222
384.795746
384.87727
384.958795
385.040319
385.121844
385.203369
385.284893
385.366418
385.447942
385.529466
385.610991
385.692515
385.77404
385.855565
385.93709
386.018614
386.100138
386.181663
386.263187
386.344712
386.426237
386.507761
386.589285
386.67081
386.752334
386.833859
386.915384
386.996908
387.078433
387.159957
387.241481
387.323006
387.404531
387.486055
387.56758
387.649104
387.730629
387.812153
387.893677
387.975202
388.056727
388.138252
388.219776
388.3013
388.382828
388.464349
388.545874
388.627399
388.708923
388.790448
388.871972
388.953496
389.035021
389.116545
389.19807
389.279595
389.361119
389.442644
389.524168
389.605692
389.687217
389.768742
389.850267
389.931791
390.013315
390.09484
390.176364
390.257889
390.339413
390.420938
390.502463
390.583987
390.665511
390.747036
390.82856
390.910085
390.99161
391.073134
391.154659
391.236183
391.317708
391.399232
391.480757
391.562281
391.643806
391.72533
391.806855
391.888379
391.969904
392.051428
392.132953
392.214478
392.296002
392.377526
392.459051
392.540579
392.6221
392.703625
392.785149
392.866673
392.948198
393.029723
393.111247
393.192772
393.274296
393.355821
393.437345
393.51887
393.600394
393.681919
393.763443
393.844968
393.926492
394.008017
394.089541
394.171065
394.252591
394.334115
394.41564
394.497164
394.578688
394.660213
394.741737
394.823262
394.904787
394.986311
395.067836
395.14936
395.230884
395.312409
395.393934
395.475459
395.556983
395.638507
395.720032
395.801556
395.883081
395.964605
396.04613
396.127655
396.209179
396.290703
396.372228
396.453752
396.535277
396.616802
396.698329
396.779851
396.861375
396.9429
397.024424
397.105949
397.187473
397.268998
397.350522
397.432047
397.513571
397.595096
397.67662
397.758145
397.83967
397.921194
398.002718
398.084243
398.165768
398.247292
398.328817
398.410341
398.491866
398.57339
398.654914
398.736439
398.817964
398.899489
398.981013
399.062537
399.144062
399.225586
399.307111
399.388635
399.47016
399.551685
399.633209
399.714733
399.796258
399.877782
399.959307
400.040832
400.122356
400.203881
400.285405
400.366929
400.448454
400.529979
400.611503
400.693028
400.774552
400.856077
400.937601
401.019126
401.10065
401.182175
401.263703
401.345224
401.426748
401.508273
401.589797
401.671322
401.752847
401.834371
401.915895
401.99742
402.078944
402.160469
402.241994
402.323518
402.405043
402.486567
402.568092
402.649616
402.731141
402.812665
402.89419
402.975715
403.057239
403.138763
403.220288
403.301812
403.383337
403.464862
403.546386
403.62791
403.709435
403.79096
403.872484
403.954009
404.035533
404.117058
404.198582
404.280106
404.361631
404.443156
404.52468
404.606205
404.687729
404.769254
404.850778
404.932302
405.013828
405.095352
405.176877
405.258401
405.339925
405.421453
405.502974
405.584499
405.666024
405.747548
405.829073
405.910597
405.992121
406.073646
406.155171
406.236695
406.31822
406.399744
406.481269
406.562793
406.644318
406.725842
406.807367
406.888892
406.970416
407.05194
407.133465
407.214989
407.296514
407.378039
407.459563
407.541088
407.622612
407.704136
407.785661
407.867186
407.94871
408.030235
408.111759
408.193284
408.274808
408.356333
408.437857
408.519382
408.600907
408.682431
408.763955
408.84548
408.927004
409.008529
409.090054
409.171578
409.253103
409.334627
409.416151
409.497676
409.579204
409.660726
409.74225
409.823774
409.905298
409.986823
410.068348
410.149872
410.231397
410.312922
410.394446
410.47597
410.557495
410.639019
410.720544
410.802068
410.883593
410.965117
411.046642
411.128166
411.209691
411.291216
411.37274
411.454265
411.535789
411.617313
411.698838
411.780363
411.861887
411.943412
412.024936
412.106461
412.187985
412.26951
412.351034
412.432559
412.514084
412.595608
412.677132
412.758657
412.840181
412.921706
413.003231
413.084755
413.16628
413.247804
413.329329
413.410853
413.492378
413.573902
413.655427
413.736955
413.818476
413.9
413.981525
414.063049
414.144574
414.226099
414.307623
414.389147
414.470672
414.552196
414.633721
414.715246
414.79677
414.878295
414.959819
415.041343
415.122868
415.204393
415.285917
415.367442
415.448966
415.530491
415.612015
415.693539
415.775064
415.856589
415.938114
416.019638
416.101162
416.182687
416.264211
416.345736
416.42726
416.508785
416.59031
416.671834
416.753359
416.834883
416.916408
416.997932
417.079457
417.160981
417.242506
417.32403
417.405555
417.487079
417.568604
417.650128
417.731653
417.813177
417.894702
417.976227
418.057751
418.139276
418.2208
418.302328
418.383849
418.465373
418.546898
418.628423
418.709947
418.791472
418.872996
418.95452
419.036045
419.117569
419.199095
419.280619
419.362144
419.443668
419.525192
419.606717
419.688241
419.769766
419.851291
419.932815
420.01434
420.095864
420.177389
420.258913
420.340437
420.421963
420.503487
420.585011
420.666535
420.74806
420.829585
420.911109
420.992634
421.074158
421.155683
421.237207
421.318732
421.400256
421.481781
421.563305
421.64483
421.726354
421.807879
421.889403
421.970928
422.052453
422.133977
422.215502
422.297026
422.37855
422.460078
422.5416
422.623125
422.704649
422.786173
422.867698
422.949222
423.030747
423.112271
423.193796
423.275321
423.356845
423.438369
423.519894
423.601418
423.682943
423.764468
423.845992
423.927517
424.009041
424.090565
424.17209
424.253615
424.335139
424.416664
424.498188
424.579713
424.661237
424.742761
424.824286
424.905811
424.987336
425.06886
425.150384
425.231909
425.313433
425.394958
425.476483
425.558007
425.639532
425.721056
425.80258
425.884105
425.965629
426.047154
426.128679
426.210203
426.291728
426.373252
426.454777
426.536301
426.617829
426.699351
426.780875
426.862399
426.943923
427.025448
427.106973
427.188498
427.270022
427.351547
427.433071
427.514596
427.59612
427.677645
427.759169
427.840694
427.922218
428.003742
428.085267
428.166791
428.248316
428.329841
428.411366
428.49289
428.574414
428.655938
428.737464
428.818988
428.900513
428.982037
429.063562
429.145086
429.22661
429.308135
429.389659
429.471184
429.552709
429.634233
429.715757
429.797282
429.878806
429.960331
430.041856
430.123381
430.204905
430.286429
430.367954
430.449478
430.531003
430.612527
430.694052
430.775576
430.857101
430.938625
431.02015
431.101674
431.183199
431.264724
431.346248
431.427772
431.509297
431.590821
431.672346
431.753871
431.835395
431.91692
431.998444
432.079969
432.161493
432.243018
432.324542
432.406067
432.487591
432.569116
432.65064
432.732165
432.813689
432.895214
432.976739
433.058263
433.139787
433.221312
433.302837
433.384362
433.465886
433.54741
433.628935
433.710459
433.791984
433.873508
433.955033
434.036557
434.118082
434.199606
434.281131
434.362655
434.44418
434.525705
434.607229
434.688754
434.770278
434.851802
434.933327
435.014852
435.096376
435.177901
435.259425
435.340953
435.422474
435.503999
435.585523
435.667048
435.748572
435.830097
435.911621
435.993146
436.07467
436.156195
436.23772
436.319244
436.400769
436.482293
436.563817
436.645342
436.726867
436.808391
436.889916
436.97144
437.052965
437.134489
437.216014
437.297538
437.379063
437.460588
437.542112
437.623636
437.70516
437.786685
437.86821
437.949735
438.031259
438.112784
438.194308
438.275832
438.357357
438.438882
438.520406
438.601931
438.683455
438.764979
438.846504
438.928028
439.009553
439.091078
439.172603
439.254127
439.335651
439.417175
439.498703
439.580225
439.66175
439.743274
439.824798
439.906323
439.987847
440.069372
440.150896
440.232421
440.313946
440.39547
440.476994
440.558519
440.640044
440.721568
440.803093
440.884617
440.966142
441.047666
441.12919
441.210716
441.29224
441.373764
441.455289
441.536813
441.618338
441.699862
441.781387
441.862912
441.944436
442.025961
442.107485
442.189009
442.270534
442.352058
442.433583
442.515108
442.596632
442.678157
442.759681
442.841206
442.92273
443.004255
443.08578
443.167304
443.248828
443.330353
443.411877
443.493402
443.574926
443.656454
443.737976
443.8195
443.901024
443.982549
444.064073
444.145598
444.227123
444.308647
444.390172
444.471696
444.553221
444.634745
444.71627
444.797794
444.879319
444.960843
445.042368
445.123892
445.205417
445.286942
445.368466
445.449991
445.531515
445.613039
445.694564
445.776089
445.857613
445.939138
446.020662
446.102187
446.183711
446.265236
446.34676
446.428285
446.50981
446.591334
446.672858
446.754383
446.835907
446.917432
446.998957
447.080481
447.162006
447.24353
447.325054
447.406579
447.488104
447.569628
447.651153
447.732677
447.814201
447.895726
447.977251
448.058775
448.1403
448.221828
448.303349
448.384873
448.466398
448.547922
448.629447
448.710972
448.792496
448.87402
448.955545
449.037069
449.118594
449.200119
449.281643
449.363168
449.444692
449.526217
449.607741
449.689266
449.77079
449.852315
449.93384
450.015364
450.096888
450.178413
450.259937
450.341462
450.422987
450.504511
450.586035
450.66756
450.749085
450.830609
450.912134
450.993658
451.075183
451.156707
451.238231
451.319756
451.401281
451.482805
451.56433
451.645854
451.727379
451.808903
451.890427
451.971953
452.053477
452.135002
452.216526
452.29805
452.379578
452.461099
452.542624
452.624149
452.705673
452.787198
452.868722
452.950246
453.031771
453.113295
453.19482
453.276345
453.357869
453.439394
453.520918
453.602443
453.683967
453.765492
453.847017
453.928541
454.010065
454.09159
454.173114
454.254639
454.336163
454.417688
454.499213
454.580737
454.662261
454.743786
454.825311
454.906835
454.98836
455.069884
455.151409
455.232933
455.314458
455.395982
455.477507
455.559031
455.640556
455.72208
455.803605
455.885129
455.966654
456.048179
456.129703
456.211228
456.292752
456.374276
456.455801
456.537329
456.618851
456.700375
456.781899
456.863423
456.944948
457.026473
457.107997
457.189522
457.271047
457.352571
457.434095
457.51562
457.597144
457.678669
457.760193
457.841718
457.923242
458.004767
458.086291
458.167816
458.249341
458.330865
458.41239
458.493914
458.575438
458.656963
458.738487
458.820012
458.901537
458.983061
459.064586
459.14611
459.227635
459.309159
459.390684
459.472209
459.553733
459.635257
459.716782
459.798306
459.879831
459.961356
460.04288
460.124405
460.205929
460.287454
460.368978
460.450503
460.532027
460.613552
460.69508
460.776601
460.858125
460.93965
461.021174
461.102699
461.184224
461.265748
461.347272
461.428797
461.510321
461.591846
461.673371
461.754895
461.83642
461.917944
461.999468
462.080993
462.162518
462.244042
462.325567
462.407091
462.488616
462.57014
462.651665
462.733189
462.814714
462.896239
462.977763
463.059287
463.140812
463.222336
463.303861
463.385385
463.46691
463.548435
463.629959
463.711483
463.793008
463.874533
463.956057
464.037582
464.119106
464.200631
464.282155
464.36368
464.445204
464.526729
464.608253
464.689778
464.771302
464.852827
464.934352
465.015876
465.097401
465.178925
465.260453
465.341974
465.423498
465.505023
465.586547
465.668072
465.749597
465.831121
465.912645
465.99417
466.075694
466.15722
466.238744
466.320269
466.401793
466.483317
466.564842
466.646366
466.727891
466.809416
466.89094
466.972465
467.053989
467.135513
467.217038
467.298562
467.380088
467.461612
467.543136
467.62466
467.706185
467.78771
467.869234
467.950759
468.032283
468.113808
468.195332
468.276857
468.358381
468.439906
468.52143
468.602955
468.684479
468.766004
468.847528
468.929053
469.010578
469.092102
469.173627
469.255151
469.336675
469.418203
469.499725
469.581249
469.662774
469.744298
469.825823
469.907347
469.988872
470.070396
470.151921
470.233446
470.31497
470.396494
470.478019
470.559543
470.641068
470.722593
470.804117
470.885642
470.967166
471.04869
471.130215
471.21174
471.293264
471.374789
471.456313
471.537838
471.619362
471.700887
471.782411
471.863936
471.945461
472.026985
472.108509
472.190034
472.271558
472.353083
472.434608
472.516132
472.597657
472.679181
472.760705
472.84223
472.923755
473.005279
473.086804
473.168328
473.249853
473.331377
473.412902
473.494426
473.575954
473.657476
473.739
473.820524
473.902048
473.983573
474.065098
474.146623
474.228147
474.309672
474.391196
474.472721
474.554245
474.63577
474.717294
474.798819
474.880343
474.961867
475.043392
475.124916
475.206441
475.287966
475.369491
475.451015
475.532539
475.614063
475.695589
475.777113
475.858638
475.940162
476.021687
476.103211
476.184735
476.26626
476.347784
476.42931
476.510834
476.592358
476.673883
476.755407
476.836931
476.918457
476.999981
477.081506
477.16303
477.244554
477.326079
477.407604
477.489128
477.570653
477.652177
477.733701
477.815226
477.896751
477.978275
478.0598
478.141324
478.222849
478.304373
478.385897
478.467422
478.548946
478.630472
478.711996
478.79352
478.875045
478.956569
479.038094
479.119619
479.201143
479.282668
479.364192
479.445716
479.527241
479.608766
479.69029
479.771814
479.853339
479.934864
480.016388
480.097912
480.179437
480.260962
480.342487
480.424011
480.505535
480.58706
480.668584
480.750109
480.831633
480.913158
480.994682
481.076207
481.157731
481.239256
481.32078
481.402305
481.48383
481.565354
481.646879
481.728403
481.809927
481.891452
481.972977
482.054501
482.136026
482.21755
482.299078
482.380599
482.462124
482.543648
482.625173
482.706698
482.788222
482.869746
482.951271
483.032795
483.11432
483.195845
483.277369
483.358894
483.440418
483.521942
483.603467
483.684992
483.766517
483.848041
483.929565
484.01109
484.092614
484.174139
484.255663
484.337188
484.418713
484.500237
484.581761
484.663286
484.74481
484.826335
484.90786
484.989384
485.070909
485.152433
485.233957
485.315482
485.397007
485.478531
485.560056
485.64158
485.723105
485.804629
485.886154
485.967678
486.049203
486.130728
486.212252
486.293776
486.375301
486.456829
486.53835
486.619875
486.701399
486.782923
486.864448
486.945973
487.027497
487.109022
487.190546
487.272071
487.353595
487.43512
487.516644
487.598169
487.679693
487.761218
487.842742
487.924267
488.005791
488.087315
488.168841
488.250365
488.33189
488.413414
488.494938
488.576463
488.657987
488.739512
488.821037
488.902561
488.984086
489.06561
489.147134
489.228659
489.310183
489.391709
489.473233
489.554757
489.636282
489.717806
489.799331
489.880855
489.96238
490.043905
490.125429
490.206953
490.288478
490.370002
490.451527
490.533051
490.61458
490.696101
490.777625
490.85915
490.940674
491.022199
491.103724
491.185248
491.266772
491.348297
491.429821
491.511346
491.592871
491.674395
491.75592
491.837444
491.918968
492.000493
492.082018
492.163542
492.245067
492.326591
492.408116
492.48964
492.571164
492.652689
492.734214
492.815739
492.897263
492.978787
493.060312
493.141836
493.223361
493.304885
493.38641
493.467935
493.549459
493.630983
493.712508
493.794032
493.875557
493.957082
494.038606
494.120131
494.201655
494.283179
494.364704
494.446229
494.527753
494.609278
494.690802
494.772327
494.853851
494.935376
495.0169
495.098425
495.179953
495.261474
495.342998
495.424523
495.506048
495.587572
495.669097
495.750621
495.832145
495.91367
495.995194
496.076719
496.158244
496.239768
496.321293
496.402817
496.484342
496.565866
496.647391
496.728916
496.81044
496.891965
496.973489
497.055013
497.136538
497.218062
497.299587
497.381112
497.462636
497.54416
497.625685
497.70721
497.788734
497.870259
497.951783
498.033308
498.114832
498.196356
498.277881
498.359406
498.440931
498.522455
498.603979
498.685504
498.767028
498.848553
498.930078
499.011602
499.093127
499.174651
499.256175
499.337703
499.419225
499.500749
499.582274
499.663798
499.745323
499.826847
499.908372
499.989896
500.071421
500.152945
500.23447
500.315994
500.397519
500.479043
500.560568
500.642092
500.723617
500.805142
500.886666
500.96819
501.049715
501.13124
501.212764
501.294289
501.375813
501.457338
501.538862
501.620386
501.701911
501.783436
501.864961
501.946485
502.028009
502.109534
502.191058
502.272583
502.354108
502.435632
502.517157
502.598681
502.680205
502.76173
502.843255
502.924779
503.006304
503.087828
503.169353
503.250877
503.332402
503.413926
503.495454
503.576976
503.6585
503.740024
503.821548
503.903073
503.984598
504.066122
504.147647
504.229172
504.310696
504.39222
504.473745
504.55527
504.636794
504.718319
504.799843
504.881367
504.962892
505.044416
505.125941
505.207466
505.288991
505.370515
505.452039
505.533563
505.615089
505.696613
505.778138
505.859662
505.941187
506.022711
506.104235
506.18576
506.267284
506.348809
506.430334
506.511858
506.593382
506.674907
506.756431
506.837957
506.919481
507.001006
507.08253
507.164054
507.245579
507.327103
507.408628
507.490152
507.571677
507.653201
507.734726
507.81625
507.897775
507.979299
508.060824
508.142349
508.223873
508.305397
508.386922
508.468446
508.549971
508.631496
508.71302
508.794545
508.876069
508.957594
509.039118
509.120643
509.202167
509.283692
509.365216
509.446741
509.528265
509.60979
509.691314
509.772839
509.854364
509.935888
510.017412
510.098937
510.180462
510.261987
510.343511
510.425035
510.50656
510.588084
510.669609
510.751133
510.832658
510.914182
510.995707
511.077231
511.158756
511.24028
511.321805
511.40333
511.484854
511.566379
511.647903
511.729427
511.810952
511.892477
511.974001
512.055526
512.13705
512.218578
512.300099
512.381624
512.463148
512.544673
512.626197
512.707722
512.789246
512.870771
512.952295
513.03382
513.115345
513.196869
513.278394
513.359918
513.441442
513.522967
513.604492
513.686016
513.767541
513.849065
513.93059
514.012114
514.093639
514.175163
514.256688
514.338213
514.419737
514.501261
514.582785
514.66431
514.745835
514.82736
514.908884
514.990409
515.071933
515.153457
515.234982
515.316507
515.398031
515.479556
515.56108
515.642604
515.724129
515.805653
515.887178
515.968703
516.050228
516.131752
516.213276
516.294801
516.376329
516.45785
516.539375
516.620899
516.702423
516.783948
516.865472
516.946997
517.028521
517.110046
517.191571
517.273095
517.354619
517.436144
517.517669
517.599193
517.680718
517.762242
517.843767
517.925291
518.006815
518.08834
518.169865
518.251389
518.332914
518.414438
518.495963
518.577487
518.659012
518.740537
518.822061
518.903586
518.98511
519.066634
519.148159
519.229683
519.311208
519.392733
519.474257
519.555782
519.637306
519.718831
519.800355
519.88188
519.963405
520.044929
520.126453
520.207978
520.289502
520.371027
520.452551
520.534079
520.615601
520.697125
520.778649
520.860174
520.941698
521.023223
521.104748
521.186272
521.267797
521.349321
521.430846
521.51237
521.593895
521.675419
521.756944
521.838468
521.919993
522.001517
522.083042
522.164566
522.246091
522.327616
522.40914
522.490664
522.572189
522.653714
522.735238
522.816763
522.898287
522.979812
523.061336
523.142861
523.224385
523.30591
523.387434
523.468959
523.550483
523.632008
523.713532
523.795057
523.876582
523.958106
524.039631
524.121155
524.202679
524.284204
524.365729
524.447253
524.528778
524.610302
524.691826
524.773351
524.854876
524.9364
525.017925
525.099449
525.180974
525.262498
525.344023
525.425547
525.507071
525.588597
525.670121
525.751645
525.83317
525.914694
525.996219
526.077744
526.159268
526.240793
526.322317
526.403841
526.485366
526.56689
526.648415
526.729939
526.811465
526.892989
526.974513
527.056038
527.137562
527.219087
527.300612
527.382136
527.46366
527.545185
527.626709
527.708234
527.789758
527.871283
527.952808
528.034332
528.115856
528.197381
528.278906
528.36043
528.441955
528.523479
528.605004
528.686528
528.768052
528.849577
528.931102
529.012626
529.094151
529.175675
529.257203
529.338724
529.420249
529.501774
529.583298
529.664823
529.746347
529.827871
529.909396
529.99092
530.072445
530.15397
530.235494
530.317019
530.398543
530.480067
530.561592
530.643117
530.724642
530.806166
530.88769
530.969215
531.050739
531.132264
531.213788
531.295313
531.376838
531.458362
531.539886
531.621411
531.702935
531.78446
531.865985
531.947509
532.029034
532.110558
532.192082
532.273607
532.355132
532.436656
532.518181
532.599705
532.68123
532.762754
532.844279
532.925803
533.007328
533.088853
533.170377
533.251901
533.333426
533.414954
533.496475
533.578
533.659524
533.741048
533.822573
533.904098
533.985622
534.067147
534.148672
534.230196
534.31172
534.393245
534.474769
534.556294
534.637818
534.719343
534.800867
534.882392
534.963916
535.04544
535.126966
535.20849
535.290015
535.371539
535.453063
535.534588
535.616113
535.697637
535.779162
535.860686
535.942211
536.023735
536.105259
536.186784
536.268309
536.349834
536.431358
536.512882
536.594407
536.675931
536.757456
536.83898
536.920505
537.00203
537.083554
537.165078
537.246603
537.328128
537.409652
537.491177
537.572705
537.654226
537.73575
537.817275
537.898799
537.980324
538.061848
538.143373
538.224897
538.306422
538.387946
538.469471
538.550996
538.63252
538.714045
538.795569
538.877093
538.958618
539.040143
539.121667
539.203192
539.284716
539.366241
539.447765
539.529289
539.610814
539.692339
539.773864
539.855388
539.936912
540.018437
540.099961
540.181486
540.26301
540.344535
540.42606
540.507584
540.589108
540.670633
540.752157
540.833682
540.915207
540.996731
541.078256
541.15978
541.241304
541.322829
541.404354
541.485878
541.567403
541.648927
541.730452
541.811976
541.893501
541.975025
542.05655
542.138078
542.219599
542.301123
542.382648
542.464173
542.545697
542.627222
542.708746
542.79027
542.871795
542.953319
543.034844
543.116369
543.197893
543.279418
543.360942
543.442467
543.523991
543.605516
543.68704
543.768565
543.85009
543.931614
544.013138
544.094663
544.176187
544.257712
544.339237
544.420761
544.502285
544.58381
544.665335
544.746859
544.828384
544.909908
544.991433
545.072957
545.154481
545.236006
545.317531
545.399055
545.48058
545.562104
545.643629
545.725153
545.806678
545.888203
545.969727
546.051252
546.132776
546.2143
546.295828
546.377349
546.458874
546.540399
546.621923
546.703448
546.784972
546.866496
546.948021
547.029546
547.11107
547.192595
547.274119
547.355644
547.437168
547.518693
547.600217
547.681742
547.763267
547.844791
547.926315
548.00784
548.089365
548.170889
548.252414
548.333938
548.415463
548.496987
548.578511
548.660036
548.741561
548.823085
548.90461
548.986134
549.067659
549.149183
549.230708
549.312233
549.393757
549.475282
549.556806
549.63833
549.719855
549.801379
549.882904
549.964429
550.045953
550.127478
550.209002
550.290526
550.372051
550.453579
550.535101
550.616625
550.698149
550.779673
550.861198
550.942723
551.024247
551.105772
551.187297
551.268821
551.350345
551.43187
551.513394
551.594919
551.676443
551.757968
551.839492
551.921017
552.002541
552.084066
552.165591
552.247115
552.32864
552.410164
552.491688
552.573213
552.654738
552.736262
552.817787
552.899311
552.980836
553.06236
553.143885
553.225409
553.306934
553.388459
553.469983
553.551507
553.633032
553.714556
553.796081
553.877606
553.95913
554.040655
554.122179
554.203704
554.285228
554.366753
554.448277
554.529802
554.611326
554.692851
554.774375
554.8559
554.937424
555.018949
555.100474
555.181998
555.263522
555.345047
555.426571
555.508096
555.589621
555.671145
555.75267
555.834194
555.915718
555.997243
556.078768
556.160292
556.241817
556.323341
556.404866
556.48639
556.567915
556.649439
556.730964
556.812489
556.894013
556.975537
557.057062
557.138586
557.220111
557.301636
557.38316
557.464685
557.546209
557.627734
557.709258
557.790783
557.872307
557.953832
558.035356
558.116881
558.198405
558.27993
558.361454
558.442979
558.524504
558.606028
558.687552
558.769077
558.850602
558.932126
559.013651
559.095175
559.176703
559.258224
559.339749
559.421273
559.502798
559.584322
559.665847
559.747371
559.828895
559.91042
559.991944
560.07347
560.154994
560.236519
560.318043
560.399567
560.481092
560.562616
560.644141
560.725666
560.80719
560.888715
560.970239
561.051763
561.133288
561.214813
561.296338
561.377862
561.459386
561.54091
561.622435
561.70396
561.785484
561.867009
561.948533
562.030058
562.111582
562.193107
562.274631
562.356156
562.437681
562.519205
562.600729
562.682254
562.763778
562.845303
562.926828
563.008352
563.089877
563.171401
563.252925
563.334453
563.415975
563.4975
563.579024
563.660548
563.742073
563.823597
563.905122
563.986646
564.068171
564.149696
564.23122
564.312744
564.394269
564.475793
564.557318
564.638843
564.720367
564.801892
564.883416
564.96494
565.046465
565.12799
565.209514
565.291039
565.372563
565.454088
565.535612
565.617136
565.698661
565.780186
565.861711
565.943235
566.024759
566.106284
566.187808
566.269333
566.350858
566.432382
566.513907
566.595431
566.676955
566.75848
566.840004
566.921529
567.003054
567.084578
567.166103
567.247627
567.329152
567.410676
567.492204
567.573726
567.65525
567.736774
567.818298
567.899823
567.981348
568.062872
568.144397
568.225922
568.307446
568.388971
568.470495
568.55202
568.633544
568.715069
568.796593
568.878117
568.959642
569.041166
569.122691
569.204216
569.28574
569.367265
569.448789
569.530313
569.611839
569.693363
569.774888
569.856412
569.937937
570.019461
570.100985
570.18251
570.264034
570.345559
570.427084
570.508608
570.590132
570.671657
570.753181
570.834707
570.916231
570.997756
571.07928
571.160804
571.242329
571.323853
571.405378
571.486902
571.568427
571.649951
571.731476
571.813
571.894525
571.976049
572.057574
572.139099
572.220623
572.302147
572.383672
572.465196
572.546721
572.628246
572.70977
572.791295
572.872819
572.954344
573.035868
573.117393
573.198918
573.280442
573.361966
573.443491
573.525015
573.60654
573.688064
573.76959
573.851114
573.932638
574.014162
574.095687
574.177212
574.258736
574.340261
574.421785
574.50331
574.584834
574.666359
574.747883
574.829408
574.910932
574.992457
575.073981
575.155506
575.23703
575.318555
575.40008
575.481604
575.563129
575.644653
575.726177
575.807702
575.889227
575.970751
576.052276
576.1338
576.215328
576.296849
576.378374
576.459898
576.541423
576.622947
576.704472
576.785996
576.86752
576.949045
577.03057
577.112095
577.193619
577.275144
577.356668
577.438192
577.519717
577.601241
577.682766
577.764291
577.845815
577.92734
578.008864
578.090389
578.171913
578.253438
578.334963
578.416487
578.498011
578.579535
578.66106
578.742585
578.82411
578.905634
578.987159
579.068683
579.150207
579.231732
579.313257
579.394781
579.476306
579.55783
579.639354
579.720879
579.802403
579.883928
579.965453
580.046977
580.128502
580.210026
580.291551
580.373078
580.4546
580.536125
580.617649
580.699173
580.780698
580.862222
580.943747
581.025271
581.106796
581.188321
581.269845
581.351369
581.432894
581.514418
581.595943
581.677468
581.758992
581.840517
581.922041
582.003565
582.08509
582.166615
582.248139
582.329664
582.411188
582.492713
582.574237
582.655762
582.737286
582.818811
582.900336
582.98186
583.063384
583.144909
583.226433
583.307958
583.389483
583.471007
583.552532
583.634056
583.715581
583.797105
583.87863
583.960154
584.041679
584.123203
584.204728
584.286252
584.367777
584.449301
584.530829
584.612351
584.693875
584.775399
584.856923
584.938448
585.019973
585.101498
585.183022
585.264547
585.346071
585.427596
585.50912
585.590645
585.672169
585.753694
585.835218
585.916742
585.998267
586.079791
586.161316
586.242841
586.324366
586.40589
586.487414
586.568938
586.650464
586.731988
586.813513
586.895037
586.976562
587.058086
587.13961
587.221135
587.302659
587.384184
587.465709
587.547233
587.628758
587.710282
587.791807
587.873332
587.954856
588.036381
588.117905
588.199429
588.280954
588.362478
588.444003
588.525527
588.607052
588.688576
588.770101
588.851625
588.93315
589.014675
589.096199
589.177724
589.259248
589.340772
589.422297
589.503821
589.585347
589.666871
589.748395
589.82992
589.911444
589.992969
590.074494
590.156018
590.237543
590.319067
590.400591
590.482116
590.56364
590.645165
590.726689
590.808215
590.889739
590.971263
591.052788
591.134312
591.215837
591.297362
591.378886
591.46041
591.541935
591.623459
591.704984
591.786508
591.868033
591.949557
592.031082
592.112606
592.194131
592.275655
592.35718
592.438705
592.520229
592.601754
592.683278
592.764802
592.846327
592.927852
593.009376
593.090901
593.172425
593.253953
593.335474
593.416998
593.498523
593.580048
593.661572
593.743097
593.824621
593.906146
593.98767
594.069195
594.15072
594.232244
594.313769
594.395293
594.476817
594.558342
594.639867
594.721391
594.802916
594.88444
594.965965
595.047489
595.129014
595.210538
595.292063
595.373588
595.455112
595.536636
595.61816
595.699685
595.78121
595.862735
595.944259
596.025784
596.107308
596.188832
596.270357
596.351882
596.433406
596.514931
596.596455
596.677979
596.759504
596.841028
596.922553
597.004078
597.085603
597.167127
597.248651
597.330175
597.411703
597.493225
597.57475
597.656274
597.737798
597.819323
597.900847
597.982372
598.063896
598.145421
598.226946
598.30847
598.389994
598.471519
598.553044
598.634568
598.716093
598.797617
598.879142
598.960666
599.04219
599.123715
599.20524
599.286764
599.368289
599.449813
599.531338
599.612862
599.694387
599.775911
599.857436
599.938961
600.020485
600.102009
600.183534
600.265058
