0
0.081524
0.163049
0.244574
0.326098
0.407623
0.489147
0.570672
0.652196
0.733721
0.815245
0.89677
0.978295
1.059819
1.141343
1.222868
1.304392
1.385917
1.467441
1.548966
1.630491
1.712015
1.793539
1.875064
1.956588
2.038113
2.119638
2.201162
2.282687
2.364211
2.445736
2.52726
2.608785
2.690309
2.771834
2.853358
2.934883
3.016408
3.097932
3.179457
3.260981
3.342509
3.42403
3.505554
3.587079
3.668604
3.750128
3.831653
3.913177
3.994701
4.076226
4.15775
4.239275
4.3208
4.402325
4.483849
4.565373
4.646898
4.728422
4.809947
4.891472
4.972996
5.054521
5.136045
5.217569
5.299094
5.380618
5.462144
5.543668
5.625192
5.706716
5.788241
5.869766
5.95129
6.032815
6.114339
6.195864
6.277388
6.358913
6.440437
6.521962
6.603486
6.685011
6.766535
6.84806
6.929584
7.011109
7.092634
7.174159
7.255683
7.337207
7.418731
7.500259
7.581781
7.663305
7.74483
7.826354
7.907879
7.989403
8.070928
8.152452
8.233977
8.315502
8.397026
8.47855
8.560075
8.641599
8.723124
8.804649
8.886173
8.967698
9.049222
9.130746
9.212271
9.293796
9.37532
9.456845
9.538369
9.619894
9.701418
9.782942
9.864467
9.945992
10.027517
10.109041
10.190565
10.27209
10.353614
10.435139
10.516664
10.598188
10.679713
10.761237
10.842761
10.924286
11.00581
11.087335
11.16886
11.250384
11.331909
11.413433
11.494958
11.576482
11.65801
11.739532
11.821056
11.90258
11.984104
12.065629
12.147154
12.228679
12.310203
12.391728
12.473252
12.554777
12.636301
12.717826
12.79935
12.880875
12.962399
13.043923
13.125448
13.206972
13.288497
13.370022
13.451547
13.533071
13.614595
13.696119
13.777645
13.859169
13.940694
14.022218
14.103743
14.185267
14.266791
14.348316
14.42984
14.511365
14.59289
14.674414
14.755938
14.837463
14.918987
15.000513
15.082037
15.163562
15.245086
15.32661
15.408135
15.489659
15.571184
15.652708
15.734233
15.815757
15.897282
15.978806
16.060331
16.141855
16.22338
16.304905
16.386429
16.467953
16.549478
16.631002
16.712527
16.794052
16.875576
16.957101
17.038625
17.12015
17.201675
17.283199
17.364724
17.446248
17.527772
17.609297
17.690821
17.772346
17.85387
17.935395
18.01692
18.098444
18.179968
18.261493
18.343018
18.424542
18.506067
18.587591
18.669116
18.75064
18.832165
18.913689
18.995214
19.076738
19.158263
19.239787
19.321312
19.402836
19.484361
19.565886
19.64741
19.728935
19.810459
19.891983
19.973508
20.055033
20.136557
20.218082
20.299606
20.381134
20.462655
20.54418
20.625704
20.707229
20.788753
20.870278
20.951802
21.033327
21.114851
21.196376
21.277901
21.359425
21.44095
21.522474
21.603998
21.685523
21.767048
21.848572
21.930097
22.011621
22.093146
22.17467
22.256195
22.337719
22.419244
22.500769
22.582293
22.663817
22.745341
22.826866
22.908391
22.989916
23.07144
23.152965
23.234489
23.316013
23.397538
23.479063
23.560587
23.642112
23.723636
23.80516
23.886685
23.968209
24.049734
24.131259
24.212784
24.294308
24.375832
24.457356
24.538884
24.620406
24.701931
24.783455
24.864979
24.946504
25.028028
25.109553
25.191077
25.272602
25.354127
25.435651
25.517175
25.5987
25.680224
25.761749
25.843274
25.924798
26.006323
26.087847
26.169371
26.250896
26.332421
26.413945
26.49547
26.576994
26.658519
26.740043
26.821568
26.903093
26.984617
27.066142
27.147666
27.22919
27.310715
27.392239
27.473764
27.555289
27.636813
27.718338
27.799862
27.881387
27.962911
28.044436
28.125961
28.207485
28.289009
28.370534
28.452058
28.533583
28.615107
28.696635
28.778157
28.859681
28.941205
29.022729
29.104255
29.185779
29.267304
29.348828
29.430353
29.511877
29.593402
29.674926
29.756451
29.837975
29.9195
30.001024
30.082549
30.164073
30.245598
30.327122
30.408647
30.490172
30.571696
30.65322
30.734745
30.81627
30.897794
30.979319
31.060843
31.142368
31.223892
31.305417
31.386941
31.468466
31.54999
31.631515
31.713039
31.794564
31.876088
31.957613
32.039138
32.120662
32.202187
32.283711
32.365235
32.44676
32.528285
32.609809
32.691334
32.772858
32.854382
32.935907
33.017432
33.098956
33.180481
33.262005
33.34353
33.425054
33.506578
33.588103
33.669628
33.751153
33.832677
33.914201
33.995726
34.07725
34.158775
34.2403
34.321824
34.403349
34.484873
34.566397
34.647922
34.729446
34.810971
34.892495
34.974021
35.055545
35.137069
35.218593
35.300118
35.381643
35.463168
35.544692
35.626216
35.707741
35.789265
35.87079
35.952314
36.033839
36.115364
36.196888
36.278412
36.359937
36.441461
36.522986
36.604511
36.686035
36.76756
36.849084
36.930608
37.012133
37.093658
37.175182
37.256707
37.338231
37.419759
37.50128
37.582805
37.664329
37.745854
37.827379
37.908903
37.990427
38.071952
38.153476
38.235001
38.316526
38.39805
38.479575
38.561099
38.642623
38.724148
38.805673
38.887198
38.968722
39.050246
39.131771
39.213295
39.29482
39.376344
39.457869
39.539394
39.620918
39.702442
39.783966
39.865491
39.947016
40.028541
40.110065
40.19159
40.273114
40.354639
40.436163
40.517688
40.599212
40.680737
40.762261
40.843786
40.92531
41.006834
41.088359
41.169884
41.251409
41.332933
41.414457
41.495982
41.57751
41.659031
41.740556
41.82208
41.903604
41.985129
42.066653
42.148178
42.229703
42.311227
42.392752
42.474276
42.555801
42.637325
42.71885
42.800374
42.881899
42.963423
43.044948
43.126472
43.207996
43.289522
43.371046
43.452571
43.534095
43.615619
43.697144
43.778668
43.860193
43.941718
44.023242
44.104767
44.186291
44.267815
44.34934
44.430864
44.512389
44.593914
44.675438
44.756963
44.838487
44.920012
45.001536
45.083061
45.164586
45.24611
45.327634
45.409159
45.490683
45.572208
45.653732
45.73526
45.816782
45.898306
45.97983
46.061355
46.142879
46.224404
46.305929
46.387453
46.468978
46.550502
46.632027
46.713551
46.795076
46.8766
46.958125
47.039649
47.121174
47.202698
47.284223
47.365747
47.447272
47.528797
47.610321
47.691845
47.77337
47.854895
47.936419
48.017944
48.099468
48.180993
48.262517
48.344042
48.425566
48.507091
48.588616
48.67014
48.751664
48.833189
48.914713
48.996238
49.077763
49.159287
49.240812
49.322336
49.40386
49.485385
49.56691
49.648434
49.729959
49.811483
49.893007
49.974532
50.056057
50.137581
50.219106
50.30063
50.382155
50.463679
50.545203
50.626728
50.708253
50.789778
50.871302
50.952826
51.034351
51.115875
51.1974
51.278925
51.360449
51.441974
51.523498
51.605022
51.686547
51.768071
51.849596
51.931121
52.012646
52.09417
52.175694
52.257219
52.338743
52.420268
52.501793
52.583317
52.664841
52.746366
52.82789
52.909415
52.990939
53.072464
53.153989
53.235513
53.317037
53.398562
53.480087
53.561611
53.643136
53.72466
53.806185
53.887709
53.969233
54.050758
54.132283
54.213807
54.295332
54.376856
54.458384
54.539905
54.62143
54.702955
54.784479
54.866004
54.947528
55.029052
55.110577
55.192101
55.273626
55.355151
55.436675
55.5182
55.599724
55.681248
55.762773
55.844298
55.925823
56.007347
56.088871
56.170396
56.25192
56.333445
56.414969
56.496494
56.578019
56.659543
56.741067
56.822592
56.904116
56.985641
57.067166
57.14869
57.230215
57.311739
57.393263
57.474788
57.556313
57.637837
57.719362
57.800886
57.882411
57.963935
58.04546
58.126984
58.208509
58.290034
58.371558
58.453082
58.534607
58.616135
58.697656
58.779181
58.860705
58.942229
59.023754
59.105279
59.186803
59.268328
59.349852
59.431377
59.512901
59.594425
59.67595
59.757475
59.838999
59.920524
60.002048
60.083573
60.165097
60.246621
60.328147
60.409671
60.491196
60.57272
60.654244
60.735769
60.817293
60.898818
60.980343
61.061867
61.143392
61.224916
61.30644
61.387965
61.469489
61.551015
61.632539
61.714063
61.795588
61.877112
61.958637
62.040161
62.121686
62.203211
62.284735
62.366259
62.447784
62.529308
62.610833
62.692357
62.773885
62.855407
62.936931
63.018456
63.09998
63.181505
63.263029
63.344554
63.426078
63.507603
63.589127
63.670652
63.752176
63.833701
63.915225
63.99675
64.078274
64.159799
64.241324
64.322848
64.404373
64.485897
64.567422
64.648946
64.73047
64.811995
64.89352
64.975045
65.056569
65.138093
65.219618
65.301142
65.382667
65.464191
65.545716
65.627241
65.708765
65.790289
65.871814
65.953338
66.034863
66.116388
66.197912
66.279437
66.360961
66.442485
66.52401
66.605535
66.687059
66.768584
66.850108
66.931632
67.013157
67.094682
67.176206
67.257731
67.339259
67.42078
67.502304
67.583828
67.665353
67.746878
67.828403
67.909927
67.991451
68.072976
68.1545
68.236025
68.31755
68.399074
68.480599
68.562123
68.643647
68.725172
68.806696
68.888221
68.969746
69.051271
69.132795
69.214319
69.295844
69.377368
69.458893
69.540418
69.621942
69.703466
69.784991
69.866516
69.94804
70.029565
70.111089
70.192614
70.274138
70.355662
70.437187
70.518712
70.600236
70.681761
70.763285
70.84481
70.926334
71.007858
71.089383
71.170908
71.252432
71.333957
71.415481
71.497009
71.57853
71.660055
71.74158
71.823104
71.904629
71.986153
72.067677
72.149202
72.230726
72.312251
72.393776
72.4753
72.556825
72.638349
72.719874
72.801398
72.882923
72.964447
73.045972
73.127496
73.209021
73.290545
73.37207
73.453594
73.535119
73.616644
73.698168
73.779692
73.861217
73.942741
74.024266
74.105791
74.187315
74.26884
74.350364
74.431888
74.513413
74.594938
74.676462
74.757987
74.839511
74.921036
75.00256
75.084085
75.165609
75.247134
75.328659
75.410183
75.491707
75.573232
75.65476
75.736281
75.817806
75.89933
75.980854
76.062379
76.143904
76.225428
76.306953
76.388477
76.470002
76.551526
76.633051
76.714575
76.7961
76.877624
76.959149
77.040673
77.122198
77.203722
77.285246
77.366772
77.448296
77.529821
77.611345
77.692869
77.774394
77.855918
77.937443
78.018968
78.100492
78.182017
78.263541
78.345065
78.42659
78.508115
78.58964
78.671164
78.752688
78.834213
78.915737
78.997262
79.078786
79.160311
79.241836
79.32336
79.404884
79.486409
79.567933
79.649458
79.730983
79.81251
79.894032
79.975556
80.057081
80.138605
80.22013
80.301654
80.383179
80.464703
80.546228
80.627752
80.709277
80.790802
80.872326
80.953851
81.035375
81.116899
81.198424
81.279949
81.361473
81.442998
81.524522
81.606047
81.687571
81.769095
81.85062
81.932145
82.01367
82.095194
82.176718
82.258243
82.339767
82.421292
82.502816
82.584341
82.665866
82.74739
82.828914
82.910439
82.991963
83.073488
83.155013
83.236537
83.318062
83.399586
83.48111
83.562635
83.64416
83.725684
83.807209
83.888733
83.970257
84.051783
84.133307
84.214831
84.296356
84.377884
84.459405
84.540929
84.622454
84.703978
84.785503
84.867028
84.948552
85.030076
85.111601
85.193125
85.27465
85.356175
85.437699
85.519224
85.600748
85.682273
85.763797
85.845322
85.926846
86.008371
86.089896
86.17142
86.252944
86.334469
86.415993
86.497518
86.579043
86.660567
86.742091
86.823616
86.905141
86.986665
87.06819
87.149714
87.231239
87.312763
87.394287
87.475812
87.557337
87.638861
87.720386
87.80191
87.883435
87.964959
88.046483
88.128009
88.209533
88.291058
88.372582
88.454106
88.535634
88.617155
88.69868
88.780205
88.861729
88.943254
89.024778
89.106302
89.187827
89.269351
89.350876
89.432401
89.513925
89.59545
89.676974
89.758499
89.840023
89.921548
90.003073
90.084597
90.166121
90.247646
90.32917
90.410695
90.492219
90.573744
90.655269
90.736793
90.818317
90.899842
90.981366
91.062891
91.144416
91.22594
91.307465
91.388989
91.470514
91.552039
91.633563
91.715087
91.796612
91.878136
91.959661
92.041185
92.12271
92.204235
92.285759
92.367284
92.448808
92.530332
92.611857
92.693385
92.774906
92.856431
92.937955
93.019479
93.101004
93.182529
93.264053
93.345578
93.427103
93.508627
93.590151
93.671676
93.7532
93.834725
93.916249
93.997774
94.079298
94.160823
94.242347
94.323872
94.405397
94.486921
94.568446
94.64997
94.731494
94.813019
94.894543
94.976068
95.057593
95.139117
95.220642
95.302166
95.38369
95.465215
95.546739
95.628265
95.709789
95.791313
95.872838
95.954362
96.035887
96.117411
96.198936
96.280461
96.361985
96.443509
96.525034
96.606559
96.688083
96.769608
96.851135
96.932657
97.014181
97.095706
97.17723
97.258755
97.340279
97.421804
97.503328
97.584853
97.666377
97.747902
97.829427
97.910951
97.992476
98.074
98.155524
98.237049
98.318574
98.400098
98.481623
98.563147
98.644672
98.726196
98.80772
98.889245
98.97077
99.052295
99.133819
99.215343
99.296868
99.378392
99.459917
99.541441
99.622966
99.704491
99.786015
99.867539
99.949064
100.030588
100.112113
100.193638
100.275162
100.356687
100.438211
100.519735
100.60126
100.682785
100.764309
100.845834
100.927358
101.008883
101.090407
101.171932
101.253456
101.334981
101.416509
101.49803
101.579554
101.661079
101.742603
101.824128
101.905653
101.987177
102.068701
102.150226
102.23175
102.313275
102.3948
102.476324
102.557849
102.639373
102.720898
102.802422
102.883947
102.965471
103.046996
103.128521
103.210045
103.291569
103.373094
103.454618
103.536143
103.617668
103.699192
103.780716
103.862241
103.943766
104.02529
104.106815
104.188339
104.269864
104.351388
104.432912
104.514437
104.595962
104.677486
104.759011
104.840535
104.92206
105.003584
105.085108
105.166634
105.248158
105.329683
105.411207
105.492731
105.574259
105.65578
105.737305
105.81883
105.900354
105.981879
106.063403
106.144927
106.226452
106.307976
106.389501
106.471026
106.55255
106.634075
106.715599
106.797124
106.878648
106.960173
107.041698
107.123222
107.204746
107.286271
107.367795
107.44932
107.530844
107.612369
107.693894
107.775418
107.856942
107.938467
108.019992
108.101516
108.183041
108.264565
108.34609
108.427614
108.509139
108.590663
108.672188
108.753712
108.835237
108.916761
108.998286
109.07981
109.161335
109.24286
109.324384
109.405909
109.487433
109.568957
109.650482
109.73201
109.813531
109.895056
109.97658
110.058104
110.139629
110.221154
110.302678
110.384203
110.465728
110.547252
110.628776
110.710301
110.791825
110.87335
110.954874
111.036399
111.117923
111.199448
111.280972
111.362497
111.444022
111.525546
111.607071
111.688595
111.770119
111.851644
111.933168
112.014693
112.096218
112.177742
112.259267
112.340791
112.422316
112.50384
112.585365
112.66689
112.748414
112.829938
112.911463
112.992987
113.074512
113.156036
113.237561
113.319086
113.40061
113.482134
113.563659
113.645184
113.726708
113.808233
113.889761
113.971282
114.052806
114.134331
114.215855
114.29738
114.378904
114.460429
114.541953
114.623478
114.705002
114.786527
114.868052
114.949576
115.031101
115.112625
115.194149
115.275674
115.357199
115.438723
115.520248
115.601772
115.683297
115.764821
115.846345
115.92787
116.009395
116.090919
116.172444
116.253968
116.335493
116.417017
116.498542
116.580066
116.661591
116.743116
116.82464
116.906164
116.987689
117.069213
117.150738
117.232263
117.313787
117.395312
117.476836
117.55836
117.639885
117.72141
117.802934
117.884459
117.965983
118.047507
118.129032
118.210557
118.292081
118.373606
118.455134
118.536655
118.618179
118.699704
118.781228
118.862753
118.944278
119.025802
119.107326
119.188851
119.270375
119.3519
119.433425
119.514949
119.596474
119.677998
119.759523
119.841047
119.922572
120.004096
120.085621
120.167146
120.24867
120.330194
120.411719
120.493243
120.574768
120.656293
120.737817
120.819341
120.900866
120.982391
121.063915
121.14544
121.226964
121.308489
121.390013
121.471537
121.553062
121.634587
121.716111
121.797636
121.87916
121.960685
122.042209
122.123733
122.205259
122.286783
122.368308
122.449832
122.531356
122.612884
122.694405
122.77593
122.857455
122.938979
123.020504
123.102028
123.183553
123.265077
123.346601
123.428126
123.509651
123.591175
123.6727
123.754224
123.835748
123.917273
123.998798
124.080323
124.161847
124.243371
124.324896
124.40642
124.487945
124.569469
124.650994
124.732519
124.814043
124.895567
124.977092
125.058616
125.140141
125.221666
125.30319
125.384715
125.466239
125.547764
125.629288
125.710813
125.792337
125.873862
125.955386
126.036911
126.118435
126.19996
126.281484
126.363009
126.444534
126.526058
126.607582
126.689107
126.770635
126.852156
126.933681
127.015205
127.096729
127.178254
127.259779
127.341303
127.422828
127.504353
127.585877
127.667401
127.748926
127.83045
127.911975
127.993499
128.075024
128.156548
128.238073
128.319597
128.401121
128.482647
128.564171
128.645696
128.72722
128.808744
128.890269
128.971793
129.053318
129.134843
129.216367
129.297892
129.379416
129.46094
129.542465
129.623989
129.705515
129.787039
129.868563
129.950088
130.031612
130.113137
130.194661
130.276186
130.357711
130.439235
130.520759
130.602284
130.683808
130.765333
130.846857
130.928385
131.009907
131.091431
131.172956
131.25448
131.336005
131.417529
131.499054
131.580578
131.662103
131.743627
131.825152
131.906676
131.988201
132.069725
132.15125
132.232774
132.314299
132.395824
132.477348
132.558873
132.640397
132.721922
132.803446
132.88497
132.966495
133.04802
133.129545
133.211069
133.292593
133.374118
133.455642
133.537167
133.618691
133.700216
133.781741
133.863265
133.944789
134.026314
134.107838
134.189363
134.270888
134.352412
134.433937
134.515461
134.596985
134.67851
134.760035
134.841559
134.923084
135.004608
135.086132
135.167657
135.249182
135.330706
135.412231
135.493759
135.57528
135.656804
135.738329
135.819853
135.901378
135.982903
136.064427
136.145951
136.227476
136.309
136.390525
136.47205
136.553574
136.635099
136.716623
136.798148
136.879672
136.961197
137.042721
137.124246
137.205771
137.287295
137.368819
137.450344
137.531868
137.613393
137.694918
137.776442
137.857966
137.939491
138.021015
138.10254
138.184065
138.265589
138.347114
138.428638
138.510162
138.591687
138.673212
138.754736
138.836261
138.917785
138.99931
139.080834
139.162358
139.243884
139.325408
139.406933
139.488457
139.569981
139.651509
139.73303
139.814555
139.89608
139.977604
140.059129
140.140653
140.222177
140.303702
140.385226
140.466751
140.548276
140.6298
140.711325
140.792849
140.874373
140.955898
141.037423
141.118948
141.200472
141.281996
141.363521
141.445045
141.52657
141.608094
141.689619
141.771144
141.852668
141.934192
142.015717
142.097241
142.178766
142.260291
142.341815
142.42334
142.504864
142.586389
142.667913
142.749438
142.830962
142.912487
142.994011
143.075536
143.15706
143.238585
143.320109
143.401634
143.483159
143.564683
143.646207
143.727732
143.80926
143.890781
143.972306
144.05383
144.135354
144.216879
144.298404
144.379928
144.461453
144.542977
144.624502
144.706026
144.787551
144.869075
144.9506
145.032124
145.113649
145.195173
145.276698
145.358222
145.439746
145.521272
145.602796
145.684321
145.765845
145.847369
145.928894
146.010418
146.091943
146.173468
146.254992
146.336517
146.418041
146.499565
146.58109
146.662614
146.74414
146.825664
146.907188
146.988713
147.070237
147.151762
147.233286
147.314811
147.396336
147.47786
147.559384
147.640909
147.722433
147.803958
147.885482
147.96701
148.048532
148.130056
148.21158
148.293105
148.374629
148.456154
148.537679
148.619203
148.700728
148.782252
148.863777
148.945301
149.026826
149.10835
149.189875
149.271399
149.352924
149.434448
149.515973
149.597498
149.679022
149.760547
149.842071
149.923595
150.00512
150.086645
150.168169
150.249694
150.331218
150.412743
150.494267
150.575792
150.657316
150.738841
150.820366
150.90189
150.983414
151.064939
151.146463
151.227988
151.309513
151.391037
151.472562
151.554086
151.63561
151.717135
151.79866
151.880184
151.961709
152.043233
152.124757
152.206282
152.287807
152.369331
152.450856
152.532384
152.613905
152.695429
152.776953
152.858478
152.940003
153.021528
153.103052
153.184576
153.266101
153.347625
153.42915
153.510675
153.592199
153.673724
153.755248
153.836772
153.918297
153.999821
154.081346
154.162871
154.244396
154.32592
154.407444
154.488969
154.570493
154.652018
154.733543
154.815067
154.896591
154.978116
155.05964
155.141165
155.222689
155.304214
155.385739
155.467263
155.548787
155.630312
155.711837
155.793361
155.874886
155.95641
156.037935
156.119459
156.200983
156.282508
156.364033
156.445558
156.527082
156.608606
156.690134
156.771655
156.85318
156.934705
157.016229
157.097754
157.179278
157.260802
157.342327
157.423852
157.505376
157.586901
157.668425
157.74995
157.831474
157.912998
157.994523
158.076048
158.157573
158.239097
158.320621
158.402146
158.48367
158.565195
158.646719
158.728244
158.809769
158.891293
158.972817
159.054341
159.135866
159.217391
159.298916
159.38044
159.461965
159.543489
159.625013
159.706538
159.788063
159.869587
159.951112
160.032636
160.11416
160.195685
160.27721
160.358734
160.440259
160.521784
160.603308
160.684832
160.766357
160.847885
160.929406
161.010931
161.092455
161.173979
161.255504
161.337029
161.418553
161.500077
161.581602
161.663127
161.744651
161.826176
161.9077
161.989225
162.070749
162.152274
162.233798
162.315323
162.396847
162.478371
162.559896
162.641421
162.722945
162.80447
162.885994
162.967519
163.049043
163.130568
163.212093
163.293617
163.375142
163.456666
163.53819
163.619715
163.701239
163.782764
163.864289
163.945813
164.027338
164.108862
164.190387
164.271911
164.353436
164.434961
164.516485
164.598009
164.679534
164.761058
164.842583
164.924107
165.005635
165.087157
165.168681
165.250205
165.33173
165.413254
165.494779
165.576304
165.657828
165.739353
165.820877
165.902402
165.983926
166.065451
166.146975
166.2285
166.310024
166.391548
166.473073
166.554598
166.636122
166.717647
166.799172
166.880696
166.96222
167.043745
167.12527
167.206794
167.288319
167.369843
167.451368
167.532892
167.614416
167.695941
167.777466
167.85899
167.940515
168.022039
168.103564
168.185088
168.266613
168.348138
168.429662
168.511187
168.592711
168.674235
168.75576
168.837284
168.918809
169.000334
169.081858
169.163382
169.244907
169.326432
169.407956
169.489481
169.571005
169.65253
169.734054
169.815578
169.897103
169.978627
170.060152
170.141677
170.223201
170.304726
170.38625
170.467775
170.5493
170.630824
170.712349
170.793873
170.875397
170.956922
171.038446
171.119971
171.201495
171.283021
171.364545
171.446069
171.527593
171.609118
171.690643
171.772168
171.853692
171.935216
172.016741
172.098265
172.17979
172.261314
172.342839
172.424363
172.505888
172.587412
172.668937
172.750461
172.831986
172.913511
172.995035
173.07656
173.158084
173.239608
173.321133
173.402658
173.484182
173.565707
173.647231
173.728759
173.81028
173.891805
173.973329
174.054854
174.136378
174.217903
174.299427
174.380952
174.462476
174.544001
174.625526
174.70705
174.788575
174.870099
174.951623
175.033148
175.114673
175.196197
175.277722
175.359246
175.440771
175.522295
175.60382
175.685344
175.766869
175.848394
175.929918
176.011442
176.092966
176.174491
176.256016
176.337541
176.419065
176.50059
176.582114
176.663638
176.745163
176.826688
176.908212
176.989737
177.071261
177.152785
177.23431
177.315834
177.397359
177.478884
177.560409
177.641933
177.723457
177.804981
177.886509
177.968031
178.049556
178.13108
178.212604
178.294129
178.375653
178.457178
178.538702
178.620227
178.701752
178.783276
178.8648
178.946325
179.027849
179.109374
179.190899
179.272423
179.353948
179.435472
179.516996
179.598521
179.680046
179.76157
179.843095
179.924619
180.006144
180.087668
180.169193
180.250717
180.332242
180.413767
180.495291
180.576815
180.65834
180.739864
180.821389
180.902914
180.984438
181.065963
181.147487
181.229012
181.310536
181.392061
181.473585
181.55511
181.636634
181.718159
181.799683
181.881208
181.962732
182.04426
182.125782
182.207306
182.28883
182.370354
182.451879
182.533404
182.614929
182.696453
182.777978
182.859502
182.941027
183.022551
183.104076
183.1856
183.267125
183.348649
183.430173
183.511698
183.593222
183.674747
183.756272
183.837797
183.919321
184.000845
184.082369
184.163895
184.245419
184.326944
184.408468
184.489993
184.571517
184.653041
184.734566
184.81609
184.897615
184.97914
185.060664
185.142188
185.223713
185.305237
185.386763
185.468287
185.549812
185.631336
185.71286
185.794385
185.875909
185.957434
186.038958
186.120483
186.202007
186.283532
186.365056
186.446581
186.528106
186.60963
186.691155
186.772679
186.854203
186.935728
187.017252
187.098777
187.180302
187.261826
187.343351
187.424875
187.5064
187.587924
187.669449
187.750973
187.832498
187.914022
187.995547
188.077071
188.158596
188.24012
188.321645
188.40317
188.484694
188.566218
188.647743
188.729268
188.810792
188.892317
188.973841
189.055366
189.13689
189.218415
189.299939
189.381464
189.462988
189.544513
189.626037
189.707562
189.789086
189.870611
189.952136
190.03366
190.115185
190.196709
190.278233
190.359758
190.441283
190.522807
190.604332
190.685856
190.767384
190.848905
190.930429
191.011954
191.093479
191.175003
191.256528
191.338052
191.419577
191.501101
191.582626
191.664151
191.745675
191.8272
191.908724
191.990248
192.071773
192.153297
192.234822
192.316347
192.397871
192.479396
192.56092
192.642444
192.723969
192.805494
192.887019
192.968543
193.050067
193.131591
193.213116
193.294641
193.376165
193.45769
193.539214
193.620739
193.702263
193.783788
193.865312
193.946837
194.028361
194.109886
194.19141
194.272935
194.354459
194.435984
194.517509
194.599033
194.680558
194.762082
194.843606
194.925134
195.006656
195.088181
195.169705
195.251229
195.332754
195.414278
195.495803
195.577327
195.658852
195.740377
195.821901
195.903425
195.98495
196.066474
196.147999
196.229524
196.311048
196.392573
196.474097
196.555621
196.637146
196.718671
196.800195
196.88172
196.963244
197.044769
197.126293
197.207817
197.289342
197.370867
197.452392
197.533916
197.61544
197.696965
197.778489
197.860014
197.941539
198.023063
198.104588
198.186112
198.267636
198.349161
198.430686
198.51221
198.593735
198.675259
198.756784
198.838308
198.919832
199.001357
199.082885
199.164407
199.245931
199.327455
199.408979
199.490504
199.572029
199.653553
199.735078
199.816603
199.898127
199.979651
200.061176
200.1427
200.224225
200.30575
200.387274
200.468798
200.550323
200.631847
200.713372
200.794897
200.876421
200.957946
201.03947
201.120994
201.202519
201.284044
201.365569
201.447093
201.528618
201.610142
201.691666
201.773191
201.854715
201.93624
202.017765
202.099289
202.180813
202.262338
202.343862
202.425388
202.506912
202.588437
202.669961
202.751485
202.83301
202.914534
202.996059
203.077583
203.159108
203.240632
203.322157
203.403681
203.485206
203.56673
203.648255
203.72978
203.811304
203.892828
203.974353
204.055877
204.137402
204.218927
204.300451
204.381976
204.4635
204.545024
204.626549
204.708074
204.789598
204.871123
204.952647
205.034172
205.115696
205.197221
205.278745
205.36027
205.441795
205.523319
205.604843
205.686368
205.767892
205.849417
205.930941
206.012466
206.093991
206.175515
206.25704
206.338564
206.420089
206.501613
206.583138
206.664662
206.746187
206.827711
206.909236
206.99076
207.072285
207.153809
207.235334
207.316858
207.398383
207.479908
207.561432
207.642957
207.724481
207.806009
207.88753
207.969054
208.050579
208.132103
208.213628
208.295153
208.376677
208.458201
208.539726
208.62125
208.702776
208.7843
208.865825
208.947349
209.028873
209.110398
209.191922
209.273447
209.354972
209.436496
209.518021
209.599545
209.681069
209.762594
209.844118
209.925644
210.007168
210.088692
210.170216
210.251741
210.333266
210.41479
210.496315
210.577839
210.659364
210.740888
210.822412
210.903937
210.985462
211.066986
211.148511
211.230035
211.31156
211.393084
211.474609
211.556134
211.637658
211.719183
211.800707
211.882231
211.963759
212.04528
212.126805
212.20833
212.289854
212.371379
212.452903
212.534428
212.615952
212.697477
212.779001
212.860526
212.94205
213.023575
213.105099
213.186624
213.268149
213.349673
213.431198
213.512722
213.594246
213.675771
213.757296
213.83882
213.920345
214.001869
214.083394
214.164918
214.246442
214.327967
214.409492
214.491017
214.572541
214.654065
214.73559
214.817114
214.898639
214.980164
215.061688
215.143213
215.224737
215.306261
215.387786
215.46931
215.550835
215.63236
215.713884
215.795409
215.876933
215.958458
216.039982
216.12151
216.203032
216.284556
216.36608
216.447604
216.529129
216.610654
216.692178
216.773703
216.855228
216.936752
217.018276
217.099801
217.181325
217.26285
217.344374
217.425899
217.507423
217.588948
217.670472
217.751997
217.833522
217.915046
217.996571
218.078095
218.159619
218.241144
218.322668
218.404193
218.485718
218.567242
218.648767
218.730291
218.811816
218.89334
218.974865
219.05639
219.137914
219.219438
219.300963
219.382487
219.464012
219.545537
219.627061
219.708586
219.79011
219.871635
219.953159
220.034684
220.116208
220.197733
220.279261
220.360782
220.442306
220.523831
220.605355
220.68688
220.768405
220.849929
220.931453
221.012978
221.094502
221.176027
221.257552
221.339076
221.420601
221.502125
221.583649
221.665174
221.746699
221.828223
221.909748
221.991272
222.072797
222.154321
222.235845
222.31737
222.398895
222.48042
222.561944
222.643468
222.724993
222.806517
222.888042
222.969566
223.051091
223.132616
223.21414
223.295664
223.377189
223.458713
223.540238
223.621763
223.703287
223.784812
223.866336
223.947861
224.029385
224.11091
224.192434
224.273959
224.355483
224.437008
224.518532
224.600057
224.681581
224.763106
224.844634
224.926155
225.007679
225.089204
225.170729
225.252253
225.333778
225.415302
225.496826
225.578351
225.659875
225.7414
225.822925
225.904449
225.985974
226.067498
226.149023
226.230547
226.312072
226.393596
226.475121
226.556646
226.63817
226.719694
226.801219
226.882743
226.964268
227.045793
227.127317
227.208841
227.290366
227.371891
227.453415
227.53494
227.616464
227.697989
227.779513
227.861037
227.942562
228.024087
228.105611
228.187136
228.26866
228.350185
228.431709
228.513234
228.594759
228.676283
228.757808
228.839332
228.920856
229.002384
229.083905
229.16543
229.246955
229.328479
229.410004
229.491528
229.573053
229.654577
229.736102
229.817626
229.899151
229.980675
230.0622
230.143724
230.225249
230.306774
230.388298
230.469823
230.551347
230.632871
230.714396
230.795921
230.877445
230.95897
231.040494
231.122019
231.203543
231.285068
231.366592
231.448117
231.529641
231.611166
231.69269
231.774215
231.855739
231.937264
232.018788
232.100313
232.181838
232.263362
232.344886
232.426411
232.507935
232.58946
232.670985
232.752509
232.834034
232.915558
232.997082
233.078607
233.160135
233.241657
233.323181
233.404705
233.486229
233.567754
233.649279
233.730803
233.812328
233.893853
233.975377
234.056901
234.138426
234.21995
234.301475
234.382999
234.464524
234.546048
234.627573
234.709097
234.790622
234.872147
234.953671
235.035196
235.11672
235.198244
235.279769
235.361293
235.442818
235.524343
235.605867
235.687392
235.768916
235.850441
235.931965
236.01349
236.095015
236.176539
236.258063
236.339588
236.421112
236.502637
236.584161
236.665686
236.747211
236.828735
236.910259
236.991784
237.073309
237.154833
237.236358
237.317886
237.399407
237.480931
237.562456
237.64398
237.725505
237.807029
237.888554
237.970078
238.051603
238.133127
238.214652
238.296177
238.377701
238.459226
238.54075
238.622274
238.703799
238.785324
238.866848
238.948373
239.029897
239.111422
239.192946
239.27447
239.355995
239.43752
239.519045
239.600569
239.682093
239.763618
239.845142
239.926667
240.008191
240.089716
240.171241
240.252765
240.334289
240.415814
240.497338
240.578863
240.660388
240.741912
240.823437
240.904961
240.986485
241.06801
241.149535
241.231059
241.312584
241.394108
241.475632
241.557157
241.638682
241.720206
241.801731
241.883259
241.96478
242.046304
242.127829
242.209353
242.290878
242.372403
242.453927
242.535451
242.616976
242.6985
242.780025
242.86155
242.943074
243.024599
243.106123
243.187648
243.269172
243.350697
243.432221
243.513746
243.595271
243.676795
243.758319
243.839844
243.921368
244.002893
244.084418
244.165942
244.247466
244.328991
244.410516
244.49204
244.573565
244.655089
244.736614
244.818138
244.899662
244.981187
245.062712
245.144236
245.225761
245.307285
245.38881
245.470334
245.551858
245.633384
245.714908
245.796433
245.877957
245.959481
246.041009
246.12253
246.204055
246.28558
246.367104
246.448629
246.530153
246.611677
246.693202
246.774726
246.856251
246.937776
247.0193
247.100825
247.182349
247.263873
247.345398
247.426923
247.508448
247.589972
247.671496
247.753021
247.834545
247.91607
247.997594
248.079119
248.160644
248.242168
248.323692
248.405217
248.486741
248.568266
248.649791
248.731315
248.81284
248.894364
248.975889
249.057413
249.138938
249.220462
249.301987
249.383511
249.465036
249.54656
249.628085
249.70961
249.791134
249.872659
249.954183
250.035707
250.117232
250.19876
250.280281
250.361806
250.44333
250.524854
250.606379
250.687904
250.769428
250.850953
250.932477
251.014002
251.095526
251.177051
251.258575
251.3401
251.421624
251.503149
251.584673
251.666198
251.747722
251.829247
251.910772
251.992296
252.073821
252.155345
252.236869
252.318394
252.399918
252.481443
252.562968
252.644492
252.726017
252.807541
252.889065
252.97059
253.052114
253.13364
253.215164
253.296688
253.378213
253.459737
253.541262
253.622786
253.704311
253.785836
253.86736
253.948884
254.030409
254.111933
254.193458
254.274982
254.35651
254.438032
254.519556
254.60108
254.682605
254.76413
254.845654
254.927179
255.008703
255.090228
255.171752
255.253277
255.334801
255.416326
255.49785
255.579375
255.660899
255.742424
255.823948
255.905473
255.986998
256.068522
256.150047
256.231571
256.313095
256.39462
256.476145
256.557669
256.639194
256.720718
256.802243
256.883767
256.965292
257.046816
257.128341
257.209866
257.29139
257.372914
257.454439
257.535963
257.617488
257.699013
257.780537
257.862062
257.943586
258.02511
258.106635
258.18816
258.269684
258.351209
258.432733
258.514257
258.595782
258.677306
258.758831
258.840356
258.92188
259.003405
259.084929
259.166453
259.247978
259.329503
259.411028
259.492552
259.574076
259.655601
259.737125
259.81865
259.900175
259.981699
260.063224
260.144748
260.226272
260.307797
260.389321
260.470846
260.55237
260.633896
260.71542
260.796944
260.878469
260.959993
261.041518
261.123043
261.204567
261.286091
261.367616
261.44914
261.530665
261.612189
261.693714
261.775239
261.856763
261.938287
262.019812
262.101337
262.182861
262.264386
262.34591
262.427435
262.508959
262.590483
262.672008
262.753533
262.835058
262.916582
262.998106
263.079634
263.161155
263.24268
263.324205
263.405729
263.487254
263.568778
263.650302
263.731827
263.813351
263.894876
263.976401
264.057925
264.13945
264.220974
264.302498
264.384023
264.465548
264.547073
264.628597
264.710121
264.791646
264.87317
264.954695
265.036219
265.117744
265.199269
265.280793
265.362317
265.443842
265.525366
265.606891
265.688416
265.76994
265.851465
265.932989
266.014513
266.096038
266.177563
266.259087
266.340612
266.422136
266.50366
266.585185
266.66671
266.748234
266.829759
266.911284
266.992808
267.074332
267.155857
267.237385
267.318906
267.400431
267.481955
267.563479
267.645004
267.726528
267.808053
267.889578
267.971102
268.052627
268.134151
268.215675
268.2972
268.378725
268.460249
268.541774
268.623298
268.704823
268.786347
268.867871
268.949396
269.030921
269.112445
269.19397
269.275494
269.357019
269.438543
269.520068
269.601593
269.683117
269.764642
269.846166
269.92769
270.009215
270.090739
270.172264
270.253789
270.335313
270.416838
270.498362
270.579887
270.661411
270.742936
270.824461
270.905985
270.987509
271.069034
271.150558
271.232083
271.313607
271.395135
271.476657
271.558181
271.639705
271.72123
271.802754
271.884279
271.965804
272.047328
272.128853
272.210377
272.291902
272.373426
272.454951
272.536475
272.618
272.699524
272.781048
272.862573
272.944098
273.025622
273.107147
273.188672
273.270196
273.35172
273.433245
273.51477
273.596294
273.677819
273.759343
273.840868
273.922392
274.003917
274.085441
274.166966
274.24849
274.330015
274.411539
274.493064
274.574588
274.656113
274.737638
274.819162
274.900687
274.982211
275.063735
275.14526
275.226785
275.308309
275.389834
275.471358
275.552882
275.634407
275.715931
275.797456
275.878981
275.960505
276.04203
276.123554
276.205078
276.286603
276.368127
276.449652
276.531177
276.612701
276.694226
276.77575
276.857275
276.9388
277.020324
277.101849
277.183373
277.264897
277.346422
277.427946
277.509471
277.590995
277.672521
277.754045
277.835569
277.917093
277.998618
278.080143
278.161668
278.243192
278.324716
278.406241
278.487765
278.56929
278.650814
278.732339
278.813863
278.895388
278.976912
279.058437
279.139961
279.221486
279.303011
279.384535
279.46606
279.547584
279.629108
279.710633
279.792158
279.873682
279.955207
280.036731
280.118259
280.19978
280.281305
280.362829
280.444354
280.525878
280.607403
280.688927
280.770452
280.851976
280.933501
281.015026
281.09655
281.178075
281.259599
281.341123
281.422648
281.504173
281.585697
281.667222
281.748746
281.830271
281.911795
281.99332
282.074844
282.156369
282.237894
282.319418
282.400942
282.482466
282.563991
282.645516
282.727041
282.808565
282.89009
282.971614
283.053138
283.134663
283.216188
283.297712
283.379237
283.460761
283.542285
283.62381
283.705335
283.786859
283.868384
283.949909
284.031433
284.112957
284.194481
284.276009
284.357531
284.439056
284.52058
284.602104
284.683629
284.765153
284.846678
284.928203
285.009727
285.091252
285.172776
285.2543
285.335825
285.417349
285.498874
285.580399
285.661923
285.743448
285.824972
285.906496
285.988021
286.069546
286.15107
286.232595
286.314119
286.395644
286.477168
286.558693
286.640218
286.721742
286.803267
286.884791
286.966315
287.04784
287.129364
287.210889
287.292414
287.373938
287.455463
287.536987
287.618512
287.700036
287.781561
287.863086
287.94461
288.026134
288.107659
288.189183
288.270708
288.352232
288.43376
288.515282
288.596806
288.67833
288.759854
288.841379
288.922904
289.004429
289.085953
289.167478
289.249002
289.330527
289.412051
289.493576
289.5751
289.656625
289.738149
289.819673
289.901198
289.982723
290.064247
290.145772
290.227297
290.308821
290.390345
290.47187
290.553395
290.634919
290.716444
290.797968
290.879493
290.961017
291.042541
291.124066
291.20559
291.287115
291.36864
291.450164
291.531689
291.613213
291.694738
291.776263
291.857787
291.939312
292.020836
292.10236
292.183885
292.265409
292.346934
292.428458
292.509983
292.591507
292.673032
292.754557
292.836081
292.917606
292.99913
293.080655
293.162179
293.243703
293.325228
293.406752
293.488278
293.569802
293.651326
293.732851
293.814375
293.8959
293.977424
294.058949
294.140474
294.221998
294.303522
294.385047
294.466571
294.548096
294.62962
294.711145
294.79267
294.874194
294.955718
295.037243
295.118768
295.200292
295.281817
295.363341
295.444866
295.52639
295.607915
295.689439
295.770964
295.852488
295.934013
296.015537
296.097062
296.178586
296.260111
296.341636
296.42316
296.504685
296.586209
296.667733
296.749258
296.830783
296.912307
296.993832
297.075356
297.156884
297.238405
297.319929
297.401454
297.482979
297.564503
297.646028
297.727552
297.809077
297.890601
297.972126
298.053651
298.135175
298.2167
298.298224
298.379748
298.461273
298.542797
298.624322
298.705847
298.787371
298.868896
298.95042
299.031945
299.113469
299.194994
299.276519
299.358043
299.439567
299.521091
299.602616
299.684141
299.765666
299.84719
299.928715
300.010239
300.091763
300.173288
300.254813
300.336337
300.417862
300.499386
300.58091
300.662435
300.743959
300.825484
300.907009
300.988533
301.070058
301.151582
301.233106
301.314634
301.396156
301.477681
301.559205
301.640729
301.722254
301.803778
301.885303
301.966827
302.048352
302.129877
302.211401
302.292925
302.37445
302.455974
302.537499
302.619024
302.700548
302.782073
302.863597
302.945121
303.026646
303.108171
303.189695
303.27122
303.352744
303.434269
303.515793
303.597318
303.678842
303.760367
303.841892
303.923416
304.00494
304.086465
304.167989
304.249514
304.331039
304.412563
304.494088
304.575612
304.657137
304.738661
304.820186
304.90171
304.983235
305.064759
305.146284
305.227808
305.309333
305.390857
305.472385
305.553907
305.635431
305.716955
305.798479
305.880004
305.961529
306.043053
306.124578
306.206103
306.287627
306.369152
306.450676
306.532201
306.613725
306.69525
306.776774
306.858298
306.939823
307.021347
307.102872
307.184397
307.265922
307.347446
307.42897
307.510494
307.59202
307.673544
307.755069
307.836593
307.918118
307.999642
308.081166
308.162691
308.244215
308.32574
308.407265
308.488789
308.570313
308.651838
308.733362
308.814887
308.896412
308.977937
309.059461
309.140985
309.22251
309.304034
309.385559
309.467083
309.548608
309.630132
309.711657
309.793181
309.874706
309.95623
310.037755
310.11928
310.200804
310.282328
310.363853
310.445377
310.526902
310.608427
310.689951
310.771476
310.853
310.934525
311.016049
311.097574
311.179098
311.260623
311.342147
311.423672
311.505196
311.586721
311.668245
311.74977
311.831295
311.912819
311.994343
312.075868
312.157392
312.238917
312.320442
312.401966
312.483491
312.565015
312.64654
312.728064
312.809589
312.891113
312.972638
313.054162
313.135687
313.217211
313.298736
313.38026
313.461785
313.543309
313.624834
313.706358
313.787883
313.869408
313.950932
314.032457
314.113981
314.195509
314.27703
314.358554
314.440079
314.521604
314.603128
314.684653
314.766177
314.847701
314.929226
315.01075
315.092276
315.1738
315.255325
315.336849
315.418373
315.499898
315.581422
315.662947
315.744472
315.825996
315.907521
315.989045
316.070569
316.152094
316.233618
316.315144
316.396668
316.478192
316.559716
316.641241
316.722766
316.80429
316.885815
316.967339
317.048864
317.130388
317.211913
317.293437
317.374962
317.456486
317.538011
317.619535
317.70106
317.782584
317.864109
317.945634
318.027158
318.108683
318.190207
318.271731
318.353259
318.434781
318.516305
318.59783
318.679354
318.760879
318.842403
318.923928
319.005452
319.086977
319.168502
319.250026
319.33155
319.413075
319.494599
319.576124
319.657649
319.739173
319.820698
319.902222
319.983746
320.065271
320.146796
320.22832
320.309845
320.391369
320.472894
320.554418
320.635942
320.717467
320.798992
320.880517
320.962041
321.043565
321.12509
321.206614
321.288139
321.369664
321.451188
321.532713
321.614237
321.695761
321.777286
321.85881
321.940335
322.02186
322.103384
322.184909
322.266433
322.347957
322.429482
322.51101
322.592532
322.674056
322.75558
322.837104
322.918629
323.000154
323.081678
323.163203
323.244728
323.326252
323.407776
323.489301
323.570826
323.65235
323.733874
323.815399
323.896923
323.978448
324.059972
324.141497
324.223022
324.304546
324.386071
324.467595
324.549119
324.630644
324.712169
324.793693
324.875218
324.956742
325.038267
325.119791
325.201316
325.28284
325.364365
325.44589
325.527414
325.608938
325.690463
325.771987
325.853512
325.935037
326.016561
326.098086
326.17961
326.261135
326.342659
326.424184
326.505708
326.587233
326.668757
326.750282
326.831806
326.913331
326.994855
327.07638
327.157905
327.239429
327.320953
327.402478
327.484002
327.565527
327.647052
327.728576
327.810101
327.891625
327.973149
328.054674
328.136199
328.217723
328.299248
328.380772
328.462297
328.543821
328.625345
328.70687
328.788395
328.86992
328.951444
329.032968
329.114493
329.196017
329.277542
329.359066
329.440591
329.522116
329.60364
329.685164
329.766689
329.848213
329.929738
330.011263
330.092787
330.174312
330.255836
330.337361
330.418885
330.50041
330.581934
330.663459
330.744983
330.826508
330.908033
330.989557
331.071081
331.152606
331.234134
331.315655
331.397179
331.478704
331.560229
331.641753
331.723278
331.804802
331.886326
331.967851
332.049375
332.130901
332.212425
332.293949
332.375474
332.456998
332.538523
332.620047
332.701572
332.783097
332.864621
332.946146
333.02767
333.109194
333.190719
333.272243
333.353768
333.435293
333.516817
333.598341
333.679866
333.761391
333.842915
333.92444
334.005964
334.087489
334.169013
334.250538
334.332062
334.413587
334.495111
334.576636
334.65816
334.739685
334.821209
334.902734
334.984259
335.065783
335.147308
335.228832
335.310356
335.391884
335.473406
335.55493
335.636455
335.717979
335.799504
335.881028
335.962553
336.044077
336.125602
336.207126
336.288651
336.370175
336.4517
336.533224
336.614749
336.696273
336.777798
336.859323
336.940847
337.022371
337.103896
337.185421
337.266945
337.34847
337.429994
337.511519
337.593043
337.674567
337.756092
337.837617
337.919141
338.000666
338.08219
338.163715
338.245239
338.326764
338.408289
338.489813
338.571338
338.652862
338.734386
338.815911
338.897435
338.97896
339.060485
339.142009
339.223534
339.305058
339.386582
339.468107
339.549635
339.631157
339.712681
339.794205
339.875729
339.957254
340.038779
340.120303
340.201828
340.283353
340.364877
340.446401
340.527926
340.60945
340.690975
340.772499
340.854024
340.935548
341.017073
341.098597
341.180122
341.261647
341.343171
341.424696
341.50622
341.587744
341.669269
341.750794
341.832319
341.913843
341.995367
342.076892
342.158416
342.239941
342.321465
342.40299
342.484515
342.566039
342.647563
342.729088
342.810612
342.892137
342.973662
343.055186
343.136711
343.218235
343.29976
343.381284
343.462809
343.544333
343.625858
343.707386
343.788907
343.870431
343.951956
344.03348
344.115005
344.19653
344.278054
344.359578
344.441103
344.522627
344.604152
344.685677
344.767201
344.848726
344.93025
345.011774
345.093299
345.174824
345.256348
345.337873
345.419397
345.500922
345.582446
345.66397
345.745495
345.82702
345.908545
345.990069
346.071593
346.153118
346.234642
346.316167
346.397691
346.479216
346.560741
346.642265
346.723789
346.805314
346.886839
346.968363
347.049888
347.131412
347.212937
347.294461
347.375986
347.45751
347.539035
347.620559
347.702084
347.783608
347.865133
347.946657
348.028182
348.109706
348.191231
348.272759
348.35428
348.435804
348.517329
348.598853
348.680378
348.761903
348.843427
348.924951
349.006476
349.088
349.169525
349.25105
349.332574
349.414099
349.495623
349.577148
349.658672
349.740197
349.821722
349.903246
349.984771
350.066295
350.147819
350.229344
350.310868
350.392393
350.473918
350.555442
350.636966
350.718491
350.800016
350.88154
350.963065
351.044589
351.126114
351.207638
351.289162
351.370687
351.452212
351.533736
351.615261
351.696785
351.77831
351.859834
351.941358
352.022884
352.104408
352.185933
352.267457
352.348981
352.430509
352.51203
352.593555
352.67508
352.756604
352.838129
352.919653
353.001177
353.082702
353.164227
353.245751
353.327276
353.4088
353.490325
353.571849
353.653374
353.734898
353.816423
353.897948
353.979472
354.060996
354.142521
354.224046
354.30557
354.387095
354.468619
354.550144
354.631668
354.713192
354.794717
354.876242
354.957766
355.039291
355.120815
355.20234
355.283864
355.365389
355.446913
355.528438
355.609963
355.691487
355.773011
355.854536
355.93606
356.017585
356.09911
356.180634
356.262159
356.343683
356.425207
356.506732
356.58826
356.669782
356.751306
356.83283
356.914354
356.995879
357.077404
357.158928
357.240453
357.321978
357.403502
357.485026
357.566551
357.648075
357.7296
357.811124
357.892649
357.974173
358.055698
358.137222
358.218747
358.300272
358.381796
358.463321
358.544845
358.626369
358.707894
358.789419
358.870943
358.952468
359.033992
359.115517
359.197041
359.278566
359.36009
359.441615
359.52314
359.604664
359.686188
359.767713
359.849237
359.930762
360.012286
360.093811
360.175336
360.25686
360.338385
360.419909
360.501434
360.582958
360.664483
360.746011
360.827532
360.909056
360.990581
361.072105
361.15363
361.235154
361.316679
361.398203
361.479728
361.561252
361.642777
361.724302
361.805826
361.887351
361.968875
362.050399
362.131924
362.213449
362.294973
362.376498
362.458022
362.539547
362.621071
362.702595
362.78412
362.865645
362.94717
363.028694
363.110218
363.191743
363.273267
363.354792
363.436316
363.517841
363.599366
363.68089
363.762414
363.843939
363.925463
364.006988
364.088513
364.170037
364.251562
364.333086
364.41461
364.496135
364.57766
364.659184
364.740709
364.822233
364.903757
364.985282
365.066807
365.148331
365.229856
365.311384
365.392905
365.474429
365.555954
365.637478
365.719003
365.800528
365.882052
365.963576
366.045101
366.126625
366.20815
366.289675
366.371199
366.452724
366.534248
366.615773
366.697297
366.778822
366.860346
366.941871
367.023396
367.10492
367.186444
367.267969
367.349493
367.431018
367.512543
367.594067
367.675591
367.757116
367.838641
367.920165
368.00169
368.083214
368.164739
368.246263
368.327787
368.409312
368.490837
368.572361
368.653886
368.73541
368.816935
368.898459
368.979983
369.061509
369.143033
369.224558
369.306082
369.387606
369.469134
369.550655
369.63218
369.713705
369.795229
369.876754
369.958278
370.039802
370.121327
370.202851
370.284376
370.365901
370.447425
370.52895
370.610474
370.691998
370.773523
370.855048
370.936573
371.018097
371.099621
371.181146
371.26267
371.344195
371.425719
371.507244
371.588769
371.670293
371.751817
371.833342
371.914866
371.996391
372.077916
372.15944
372.240965
372.322489
372.404014
372.485538
372.567063
372.648587
372.730112
372.811636
372.893161
372.974685
373.05621
373.137735
373.219259
373.300784
373.382308
373.463832
373.545357
373.626885
373.708406
373.789931
373.871455
373.952979
374.034504
374.116029
374.197553
374.279078
374.360603
374.442127
374.523651
374.605176
374.6867
374.768225
374.849749
374.931274
375.012798
375.094323
375.175847
375.257371
375.338897
375.420421
375.501946
375.58347
375.664994
375.746519
375.828043
375.909568
375.991093
376.072617
376.154142
376.235666
376.31719
376.398715
376.480239
376.561765
376.643289
376.724813
376.806338
376.887862
376.969387
377.050911
377.132436
377.213961
377.295485
377.377009
377.458534
377.540058
377.621583
377.703108
377.784636
377.866157
377.947681
378.029205
378.11073
378.192255
378.273779
378.355304
378.436828
378.518353
378.599877
378.681402
378.762926
378.844451
378.925975
379.0075
379.089024
379.170549
379.252074
379.333598
379.415123
379.496647
379.578172
379.659696
379.74122
379.822745
379.90427
379.985794
380.067319
380.148843
380.230368
380.311892
380.393417
380.474941
380.556466
380.637991
380.719515
380.801039
380.882564
380.964089
381.045613
381.127138
381.208662
381.290187
381.371711
381.453235
381.53476
381.616285
381.697809
381.779334
381.860858
381.942382
382.023907
382.105431
382.186956
382.268481
382.350005
382.43153
382.513054
382.594578
382.676103
382.757628
382.839153
382.920677
383.002201
383.083726
383.16525
383.246775
383.3283
383.409824
383.491349
383.572873
383.654397
383.735922
383.817446
383.898971
383.980496
384.062021
384.143545
384.225069
384.306594
384.388118
384.469643
384.551168
384.632692
384.714216
384.795741
384.877266
384.95879
385.040315
385.121839
385.203364
385.284888
385.366412
385.447937
385.529462
385.610986
385.692511
385.774035
385.85556
385.937084
386.018608
386.100134
386.181658
386.263183
386.344707
386.426231
386.507759
386.58928
386.670805
386.75233
386.833854
386.915379
386.996903
387.078427
387.159952
387.241476
387.323001
387.404526
387.48605
387.567575
387.649099
387.730623
387.812148
387.893673
387.975198
388.056722
388.138246
388.219771
388.301295
388.38282
388.464344
388.545869
388.627394
388.708918
388.790442
388.871967
388.953491
389.035016
389.116541
389.198065
389.27959
389.361114
389.442639
389.524163
389.605688
389.687212
389.768737
389.850261
389.931786
390.01331
390.094835
390.176359
390.257884
390.339409
390.420933
390.502457
390.583982
390.66551
390.747031
390.828556
390.91008
390.991604
391.073129
391.154654
391.236178
391.317703
391.399227
391.480752
391.562276
391.643801
391.725325
391.80685
391.888374
391.969899
392.051423
392.132948
392.214472
392.295996
392.377522
392.459046
392.540571
392.622095
392.703619
392.785144
392.866668
392.948193
393.029718
393.111242
393.192767
393.274291
393.355815
393.43734
393.518864
393.60039
393.681914
393.763438
393.844963
393.926487
394.008012
394.089536
394.171061
394.252586
394.33411
394.415634
394.497159
394.578683
394.660208
394.741732
394.82326
394.904782
394.986306
395.067831
395.149355
395.230879
395.312404
395.393929
395.475453
395.556978
395.638502
395.720027
395.801551
395.883076
395.9646
396.046125
396.127649
396.209174
396.290698
396.372223
396.453747
396.535272
396.616797
396.698321
396.779845
396.86137
396.942895
397.024419
397.105944
397.187468
397.268993
397.350517
397.432042
397.513566
397.595091
397.676615
397.75814
397.839664
397.921189
398.002713
398.084238
398.165763
398.247287
398.328812
398.410336
398.49186
398.573385
398.65491
398.736434
398.817959
398.899483
398.981007
399.062532
399.144057
399.225581
399.307106
399.38863
399.470155
399.551679
399.633203
399.714728
399.796252
399.877778
399.959302
400.040826
400.122351
400.203875
400.2854
400.366925
400.448449
400.529974
400.611498
400.693022
400.774547
400.856071
400.937596
401.019121
401.100646
401.18217
401.263694
401.345219
401.426743
401.508268
401.589793
401.671317
401.752841
401.834366
401.91589
401.997415
402.078939
402.160464
402.241988
402.323513
402.405037
402.486562
402.568087
402.649611
402.731136
402.81266
402.894185
402.975709
403.057233
403.138758
403.220283
403.301808
403.383332
403.464856
403.546384
403.627905
403.70943
403.790954
403.872479
403.954004
404.035528
404.117052
404.198577
404.280101
404.361626
404.443151
404.524675
404.6062
404.687724
404.769248
404.850773
404.932298
405.013822
405.095347
405.176871
405.258396
405.33992
405.421445
405.502969
405.584494
405.666019
405.747543
405.829067
405.910591
405.992116
406.073641
406.155166
406.23669
406.318215
406.399739
406.481263
406.562788
406.644313
406.725837
406.807362
406.888886
406.97041
407.051935
407.133459
407.214984
407.296509
407.378034
407.459558
407.541082
407.622606
407.704134
407.785656
407.867181
407.948705
408.030229
408.111754
408.193279
408.274803
408.356327
408.437852
408.519377
408.600901
408.682425
408.76395
408.845475
408.926999
409.008524
409.090048
409.171573
409.253097
409.334621
409.416146
409.497671
409.579195
409.66072
409.742244
409.823769
409.905293
409.986818
410.068342
410.149867
410.231392
410.312916
410.39444
410.475965
410.557489
410.639014
410.720539
410.802063
410.883588
410.965112
411.046637
411.128161
411.209686
411.291211
411.372735
411.454259
411.535784
411.617308
411.698833
411.780357
411.861885
411.943407
412.024931
412.106455
412.18798
412.269504
412.351029
412.432554
412.514078
412.595603
412.677127
412.758652
412.840176
412.921701
413.003225
413.08475
413.166274
413.247798
413.329323
413.410848
413.492372
413.573897
413.655422
413.736946
413.81847
413.899995
413.98152
414.063044
414.144569
414.226093
414.307618
414.389142
414.470667
414.552191
414.633716
414.71524
414.796765
414.878289
414.959814
415.041338
415.122863
415.204388
415.285912
415.367437
415.448961
415.530485
415.61201
415.693535
415.775059
415.856583
415.938108
416.019632
416.101157
416.182682
416.264206
416.345731
416.427255
416.50878
416.590304
416.671828
416.753353
416.834877
416.916402
416.997927
417.079451
417.160976
417.2425
417.324025
417.40555
417.487074
417.568599
417.650123
417.731647
417.813172
417.894696
417.976221
418.057745
418.139271
418.220795
418.302319
418.383843
418.465368
418.546893
418.628418
418.709942
418.791466
418.872991
418.954515
419.03604
419.117564
419.199089
419.280613
419.362138
419.443662
419.525187
419.606711
419.688236
419.769761
419.851285
419.93281
420.014334
420.095858
420.177383
420.258908
420.340432
420.421957
420.503481
420.585009
420.66653
420.748055
420.829579
420.911104
420.992628
421.074153
421.155677
421.237202
421.318726
421.400251
421.481776
421.5633
421.644825
421.726349
421.807873
421.889398
421.970923
422.052447
422.133972
422.215496
422.297021
422.378545
422.46007
422.541594
422.623119
422.704644
422.786168
422.867692
422.949216
423.030741
423.112266
423.193791
423.275315
423.35684
423.438364
423.519888
423.601413
423.682938
423.764462
423.845987
423.927511
424.009035
424.09056
424.172084
424.253609
424.335134
424.416659
424.498183
424.579707
424.661231
424.742759
424.824281
424.905806
424.98733
425.068854
425.150379
425.231903
425.313428
425.394952
425.476477
425.558002
425.639526
425.72105
425.802575
425.8841
425.965624
426.047149
426.128673
426.210198
426.291722
426.373246
426.454771
426.536296
426.61782
426.699345
426.780869
426.862394
426.943918
427.025443
427.106967
427.188492
427.270017
427.351541
427.433065
427.51459
427.596114
427.677639
427.759164
427.840688
427.922213
428.003737
428.085262
428.166786
428.248311
428.329835
428.41136
428.492884
428.574409
428.655933
428.737458
428.818982
428.90051
428.982032
429.063556
429.14508
429.226604
429.308129
429.389654
429.471179
429.552703
429.634228
429.715752
429.797277
429.878801
429.960326
430.04185
430.123375
430.204899
430.286423
430.367948
430.449472
430.530997
430.612522
430.694047
430.775571
430.857095
430.93862
431.020145
431.101669
431.183194
431.264718
431.346243
431.427767
431.509291
431.590816
431.67234
431.753865
431.83539
431.916914
431.998438
432.079963
432.161488
432.243013
432.324537
432.406062
432.487586
432.56911
432.650635
432.73216
432.813684
432.895208
432.976733
433.058257
433.139782
433.221307
433.302831
433.384356
433.46588
433.547405
433.628929
433.710453
433.791978
433.873502
433.955027
434.036552
434.118076
434.199601
434.281125
434.36265
434.444175
434.525699
434.607224
434.688748
434.770272
434.851797
434.933321
435.014846
435.09637
435.177895
435.25942
435.340944
435.422468
435.503993
435.585518
435.667043
435.748567
435.830091
435.911616
435.99314
436.074665
436.156189
436.237714
436.319238
436.400763
436.482287
436.563812
436.645336
436.726861
436.808386
436.88991
436.971435
437.052959
437.134483
437.216008
437.297533
437.379057
437.460582
437.542106
437.623634
437.705155
437.786679
437.868204
437.949729
438.031253
438.112778
438.194302
438.275827
438.357351
438.438876
438.520401
438.601925
438.68345
438.764974
438.846498
438.928023
439.009547
439.091072
439.172597
439.254121
439.335646
439.41717
439.498695
439.580219
439.661744
439.743269
439.824793
439.906317
439.987841
440.069366
440.150891
440.232415
440.31394
440.395465
440.476989
440.558513
440.640038
440.721563
440.803087
440.884612
440.966136
441.04766
441.129185
441.210709
441.292234
441.373759
441.455284
441.536808
441.618332
441.699856
441.781384
441.862906
441.944431
442.025955
442.107479
442.189004
442.270528
442.352053
442.433577
442.515102
442.596627
442.678151
442.759675
442.8412
442.922724
443.004249
443.085774
443.167298
443.248823
443.330347
443.411871
443.493396
443.574921
443.656445
443.73797
443.819494
443.901019
443.982543
444.064068
444.145592
444.227117
444.308642
444.390166
444.47169
444.553215
444.634739
444.716264
444.797789
444.879313
444.960838
445.042362
445.123887
445.205411
445.286936
445.368461
445.449985
445.531509
445.613034
445.694558
445.776083
445.857607
445.939135
446.020657
446.102181
446.183705
446.265229
446.346754
446.428279
446.509804
446.591328
446.672853
446.754377
446.835901
446.917426
446.998951
447.080475
447.162
447.243524
447.325048
447.406573
447.488097
447.569622
447.651147
447.732672
447.814196
447.89572
447.977244
448.05877
448.140294
448.221819
448.303343
448.384868
448.466392
448.547916
448.629441
448.710965
448.79249
448.874015
448.955539
449.037063
449.118588
449.200112
449.281638
449.363162
449.444687
449.526211
449.607735
449.68926
449.770784
449.852309
449.933833
450.015358
450.096882
450.178407
450.259931
450.341456
450.42298
450.504505
450.58603
450.667554
450.749078
450.830603
450.912127
450.993652
451.075177
451.156701
451.238226
451.31975
451.401275
451.482799
451.564324
451.645848
451.727373
451.808897
451.890422
451.971946
452.053471
452.134995
452.21652
452.298045
452.379569
452.461093
452.542618
452.624143
452.705667
452.787192
452.868716
452.950241
453.031765
453.11329
453.194814
453.276339
453.357863
453.439388
453.520912
453.602437
453.683961
453.765486
453.847011
453.928535
454.01006
454.091584
454.173108
454.254633
454.336158
454.417682
454.499207
454.580731
454.662259
454.74378
454.825305
454.906829
454.988354
455.069878
455.151403
455.232927
455.314451
455.395976
455.477501
455.559026
455.64055
455.722075
455.803599
455.885123
455.966648
456.048172
456.129697
456.211221
456.292746
456.374271
456.455795
456.537319
456.618844
456.700368
456.781894
456.863418
456.944942
457.026466
457.107991
457.189516
457.27104
457.352565
457.434089
457.515614
457.597138
457.678663
457.760188
457.841712
457.923237
458.004761
458.086285
458.16781
458.249334
458.330859
458.412384
458.493908
458.575433
458.656957
458.738482
458.820009
458.901531
458.983056
459.06458
459.146104
459.227629
459.309153
459.390678
459.472202
459.553727
459.635252
459.716776
459.7983
459.879825
459.961349
460.042874
460.124399
460.205923
460.287448
460.368972
460.450496
460.532021
460.613546
460.69507
460.776595
460.858119
460.939644
461.021168
461.102692
461.184217
461.265742
461.347267
461.428791
461.510315
461.59184
461.673364
461.754889
461.836414
461.917938
461.999463
462.080987
462.162511
462.244036
462.32556
462.407085
462.48861
462.570134
462.651659
462.733183
462.814708
462.896232
462.97776
463.059282
463.140806
463.22233
463.303854
463.385379
463.466904
463.548429
463.629953
463.711478
463.793002
463.874527
463.956051
464.037576
464.1191
464.200625
464.282149
464.363673
464.445198
464.526722
464.608247
464.689772
464.771297
464.852821
464.934345
465.015869
465.097395
465.178919
465.260444
465.341968
465.423493
465.505017
465.586541
465.668066
465.74959
465.831115
465.91264
465.994164
466.075688
466.157213
466.238737
466.320262
466.401787
466.483312
466.564836
466.64636
466.727885
466.809409
466.890934
466.972458
467.053983
467.135507
467.217032
467.298556
467.380081
467.461605
467.54313
467.624655
467.706179
467.787703
467.869228
467.950752
468.032277
468.113802
468.195326
468.276851
468.358375
468.4399
468.521424
468.602949
468.684473
468.765998
468.847522
468.929047
469.010571
469.092096
469.17362
469.255145
469.33667
469.418194
469.499718
469.581243
469.662767
469.744292
469.825817
469.907341
469.988866
470.07039
470.151915
470.233439
470.314964
470.396488
470.478013
470.559537
470.641062
470.722586
470.804111
470.885635
470.96716
471.048685
471.130209
471.211733
471.293258
471.374783
471.456307
471.537832
471.619356
471.700884
471.782405
471.863929
471.945454
472.026979
472.108503
472.190028
472.271552
472.353076
472.434601
472.516125
472.597651
472.679175
472.7607
472.842224
472.923748
473.005273
473.086797
473.168322
473.249847
473.331371
473.412896
473.49442
473.575944
473.657469
473.738993
473.820519
473.902043
473.983567
474.065091
474.146616
474.228141
474.309665
474.39119
474.472714
474.554239
474.635763
474.717288
474.798812
474.880337
474.961861
475.043386
475.12491
475.206435
475.287959
475.369484
475.451009
475.532533
475.614058
475.695582
475.777106
475.858634
475.940156
476.02168
476.103205
476.184729
476.266254
476.347778
476.429303
476.510827
476.592352
476.673877
476.755401
476.836925
476.91845
476.999974
477.081499
477.163024
477.244548
477.326073
477.407597
477.489121
477.570646
477.652171
477.733695
477.81522
477.896744
477.978269
478.059793
478.141318
478.222842
478.304367
478.385892
478.467416
478.54894
478.630465
478.711989
478.793514
478.875039
478.956563
479.038088
479.119612
479.201136
479.282661
479.364185
479.44571
479.527235
479.608759
479.690284
479.771808
479.853333
479.934857
480.016385
480.097907
480.179431
480.260955
480.342479
480.424004
480.505529
480.587053
480.668578
480.750103
480.831627
480.913151
480.994676
481.076201
481.157725
481.23925
481.320774
481.402298
481.483823
481.565347
481.646872
481.728397
481.809921
481.891446
481.97297
482.054494
482.13602
482.217544
482.299069
482.380593
482.462118
482.543642
482.625166
482.706691
482.788215
482.86974
482.951265
483.032789
483.114313
483.195838
483.277362
483.358888
483.440412
483.521937
483.603461
483.684985
483.76651
483.848034
483.929559
484.011083
484.092608
484.174132
484.255657
484.337181
484.418706
484.50023
484.581755
484.66328
484.744804
484.826328
484.907853
484.989377
485.070902
485.152427
485.233951
485.315476
485.397
485.478525
485.560049
485.641574
485.723098
485.804623
485.886147
485.967672
486.049196
486.130721
486.212245
486.29377
486.375295
486.456819
486.538343
486.619868
486.701392
486.782917
486.864442
486.945966
487.027491
487.109015
487.19054
487.272064
487.353589
487.435113
487.516638
487.598162
487.679687
487.761211
487.842736
487.924261
488.005785
488.08731
488.168834
488.250358
488.331883
488.413408
488.494932
488.576457
488.657981
488.739509
488.82103
488.902554
488.984079
489.065604
489.147128
489.228653
489.310177
489.391701
489.473226
489.55475
489.636276
489.7178
489.799325
489.880849
489.962373
490.043898
490.125422
490.206947
490.288472
490.369996
490.451521
490.533045
490.614569
490.696094
490.777618
490.859144
490.940668
491.022192
491.103716
491.185241
491.266766
491.34829
491.429815
491.51134
491.592864
491.674388
491.755913
491.837437
491.918962
492.000486
492.082011
492.163535
492.24506
492.326584
492.408109
492.489634
492.571158
492.652683
492.734207
492.815731
492.897259
492.978781
493.060305
493.14183
493.223354
493.304879
493.386403
493.467928
493.549452
493.630977
493.712502
493.794026
493.87555
493.957075
494.038599
494.120124
494.201649
494.283173
494.364698
494.446222
494.527746
494.609271
494.690796
494.77232
494.853845
494.935369
495.016894
495.098418
495.179942
495.261467
495.342992
495.424517
495.506041
495.587565
495.66909
495.750614
495.832139
495.913664
495.995188
496.076713
496.158237
496.239761
496.321286
496.40281
496.484335
496.56586
496.647384
496.728909
496.810433
496.891958
496.973482
497.05501
497.136532
497.218056
497.29958
497.381104
497.462629
497.544154
497.625678
497.707203
497.788728
497.870252
497.951776
498.033301
498.114826
498.19635
498.277875
498.359399
498.440923
498.522448
498.603972
498.685497
498.767022
498.848546
498.930071
499.011595
499.093119
499.174645
499.256169
499.337694
499.419218
499.500743
499.582267
499.663791
499.745316
499.82684
499.908365
499.98989
500.071414
500.152938
500.234463
500.315987
500.397512
500.479037
500.560562
500.642086
500.72361
500.805135
500.886659
500.968184
501.049708
501.131233
501.212757
501.294282
501.375806
501.457331
501.538855
501.62038
501.701905
501.783429
501.864953
501.946478
502.028002
502.109527
502.191052
502.272576
502.354101
502.435625
502.51715
502.598674
502.680199
502.761723
502.843248
502.924772
503.006297
503.087821
503.169346
503.25087
503.332395
503.41392
503.495444
503.576968
503.658493
503.740017
503.821542
503.903066
503.984591
504.066116
504.14764
504.229165
504.310689
504.392214
504.473738
504.555263
504.636787
504.718312
504.799836
504.881361
504.962886
505.04441
505.125934
505.207459
505.288983
505.370508
505.452033
505.533557
505.615082
505.696606
505.778134
505.859655
505.941179
506.022704
506.104229
506.185753
506.267278
506.348802
506.430326
506.511851
506.593375
506.674901
506.756425
506.83795
506.919474
507.000998
507.082523
507.164047
507.245572
507.327097
507.408621
507.490146
507.57167
507.653194
507.734719
507.816243
507.897769
507.979293
508.060817
508.142341
508.223866
508.305391
508.386915
508.46844
508.549964
508.631489
508.713013
508.794538
508.876062
508.957587
509.039111
509.120636
509.20216
509.283685
509.365209
509.446734
509.528259
509.609783
509.691308
509.772832
509.854356
509.935884
510.017406
510.09893
510.180455
510.261979
510.343504
510.425028
510.506553
510.588077
510.669602
510.751127
510.832651
510.914175
510.9957
511.077224
511.158749
511.240274
511.321798
511.403323
511.484847
511.566371
511.647896
511.729421
511.810945
511.89247
511.973994
512.055519
512.137043
512.218567
512.300092
512.381617
512.463142
512.544666
512.62619
512.707715
512.789239
512.870764
512.952289
513.033813
513.115338
513.196862
513.278386
513.359911
513.441435
513.52296
513.604485
513.686009
513.767534
513.849058
513.930582
514.012107
514.093635
514.175157
514.256681
514.338205
514.419729
514.501254
514.582779
514.664304
514.745828
514.827353
514.908877
514.990402
515.071926
515.153451
515.234975
515.3165
515.398024
515.479548
515.561073
515.642597
515.724122
515.805647
515.887171
515.968696
516.05022
516.131744
516.21327
516.294794
516.376319
516.457843
516.539368
516.620892
516.702416
516.783941
516.865465
516.94699
517.028515
517.110039
517.191563
517.273088
517.354612
517.436138
517.517662
517.599187
517.680711
517.762235
517.84376
517.925284
518.006809
518.088333
518.169858
518.251382
518.332907
518.414431
518.495956
518.57748
518.659005
518.74053
518.822054
518.903578
518.985103
519.066627
519.148152
519.229677
519.311201
519.392726
519.47425
519.555775
519.637299
519.718824
519.800348
519.881873
519.963397
520.044922
520.126446
520.207971
520.289495
520.371021
520.452545
520.534069
520.615593
520.697118
520.778643
520.860167
520.941692
521.023216
521.104741
521.186265
521.26779
521.349314
521.430839
521.512363
521.593888
521.675412
521.756937
521.838461
521.919986
522.001511
522.083035
522.16456
522.246084
522.327608
522.409133
522.490658
522.572182
522.653707
522.735231
522.816759
522.89828
522.979804
523.061329
523.142854
523.224378
523.305903
523.387427
523.468951
523.550476
523.632001
523.713526
523.79505
523.876575
523.958099
524.039623
524.121148
524.202672
524.284197
524.365722
524.447246
524.528771
524.610295
524.69182
524.773344
524.854869
524.936394
525.017918
525.099442
525.180966
525.262491
525.344016
525.42554
525.507065
525.588589
525.670114
525.751638
525.833163
525.914687
525.996212
526.077737
526.159261
526.240785
526.32231
526.403834
526.485359
526.566884
526.648408
526.729933
526.811457
526.892981
526.974509
527.056031
527.137556
527.21908
527.300604
527.382129
527.463653
527.545178
527.626702
527.708227
527.789752
527.871276
527.9528
528.034325
528.115849
528.197374
528.278899
528.360423
528.441948
528.523472
528.604996
528.686521
528.768046
528.84957
528.931095
529.012619
529.094144
529.175668
529.257192
529.338717
529.420242
529.501767
529.583291
529.664815
529.74634
529.827864
529.909389
529.990914
530.072438
530.153963
530.235487
530.317012
530.398536
530.48006
530.561585
530.64311
530.724634
530.806159
530.887683
530.969208
531.050732
531.13226
531.213782
531.295306
531.37683
531.458354
531.539879
531.621404
531.702929
531.784453
531.865978
531.947502
532.029027
532.110551
532.192076
532.2736
532.355125
532.436649
532.518173
532.599698
532.681222
532.762747
532.844272
532.925797
533.007321
533.088845
533.170369
533.251895
533.333419
533.414944
533.496468
533.577993
533.659517
533.741042
533.822566
533.90409
533.985615
534.06714
534.148664
534.230188
534.311713
534.393237
534.474763
534.556287
534.637812
534.719336
534.80086
534.882385
534.963909
535.045434
535.126958
535.208483
535.290007
535.371532
535.453056
535.534581
535.616106
535.69763
535.779155
535.860679
535.942203
536.023728
536.105252
536.186777
536.268302
536.349826
536.431351
536.512875
536.5944
536.675925
536.757449
536.838973
536.920498
537.002022
537.083547
537.165071
537.246596
537.32812
537.409645
537.49117
537.572694
537.654218
537.735743
537.817268
537.898793
537.980317
538.061841
538.143366
538.22489
538.306415
538.387939
538.469464
538.550988
538.632513
538.714037
538.795562
538.877086
538.958611
539.040136
539.12166
539.203185
539.284709
539.366233
539.447758
539.529283
539.610807
539.692332
539.773856
539.855384
539.936905
540.01843
540.099954
540.181479
540.263003
540.344528
540.426052
540.507577
540.589101
540.670626
540.752151
540.833675
540.9152
540.996724
541.078248
541.159773
541.241298
541.322822
541.404347
541.485871
541.567396
541.64892
541.730445
541.811969
541.893494
541.975019
542.056543
542.138067
542.219591
542.301116
542.382641
542.464166
542.54569
542.627215
542.708739
542.790263
542.871788
542.953313
543.034837
543.116362
543.197886
543.27941
543.360935
543.442459
543.523984
543.605509
543.687034
543.768558
543.850082
543.931606
544.013134
544.094656
544.176181
544.257705
544.339229
544.420754
544.502278
544.583803
544.665327
544.746852
544.828377
544.909901
544.991425
545.07295
545.154474
545.235999
545.317524
545.399048
545.480573
545.562097
545.643621
545.725147
545.806671
545.888195
545.96972
546.051244
546.132769
546.214293
546.295818
546.377342
546.458867
546.540392
546.621916
546.70344
546.784965
546.866489
546.948014
547.029539
547.111063
547.192588
547.274112
547.355637
547.437161
547.518686
547.60021
547.681735
547.763259
547.844784
547.926308
548.007833
548.089357
548.170885
548.252407
548.333931
548.415455
548.496979
548.578504
548.660029
548.741554
548.823078
548.904603
548.986127
549.067652
549.149176
549.230701
549.312225
549.39375
549.475274
549.556798
549.638323
549.719848
549.801372
549.882897
549.964422
550.045946
550.12747
550.208995
550.29052
550.372044
550.453569
550.535093
550.616618
550.698142
550.779666
550.861191
550.942716
551.02424
551.105765
551.187289
551.268814
551.350338
551.431863
551.513388
551.594912
551.676437
551.757961
551.839485
551.92101
552.002534
552.084059
552.165584
552.247108
552.328632
552.410157
552.491682
552.573206
552.654731
552.736255
552.81778
552.899304
552.980828
553.062353
553.143877
553.225402
553.306927
553.388451
553.469976
553.5515
553.633025
553.71455
553.796074
553.877599
553.959123
554.040647
554.122172
554.203696
554.285221
554.366745
554.44827
554.529795
554.611319
554.692843
554.774368
554.855893
554.937418
555.018942
555.100466
555.181991
555.263515
555.34504
555.426564
555.508089
555.589613
555.671138
555.752662
555.834187
555.915711
555.997236
556.078761
556.160285
556.24181
556.323334
556.404858
556.486383
556.567908
556.649432
556.730957
556.812481
556.894009
556.97553
557.057055
557.138579
557.220104
557.301628
557.383153
557.464677
557.546202
557.627726
557.709251
557.790776
557.8723
557.953825
558.035349
558.116873
558.198398
558.279923
558.361448
558.442972
558.524496
558.606021
558.687545
558.76907
558.850594
558.932119
559.013644
559.095168
559.176692
559.258216
559.339741
559.421266
559.502791
559.584315
559.66584
559.747364
559.828888
559.910413
559.991938
560.073462
560.154987
560.236511
560.318035
560.39956
560.481084
560.562609
560.644134
560.725659
560.807183
560.888707
560.970232
561.05176
561.133281
561.214806
561.29633
561.377854
561.459379
561.540903
561.622428
561.703952
561.785477
561.867002
561.948526
562.030051
562.111575
562.1931
562.274624
562.356149
562.437673
562.519198
562.600722
562.682246
562.763771
562.845296
562.926821
563.008345
563.089869
563.171394
563.252918
563.334443
563.415968
563.497492
563.579017
563.660541
563.742065
563.82359
563.905114
563.986639
564.068164
564.149688
564.231213
564.312737
564.394262
564.475786
564.557311
564.638836
564.72036
564.801884
564.883409
564.964933
565.046458
565.127982
565.20951
565.291032
565.372556
565.45408
565.535605
565.617129
565.698654
565.780179
565.861703
565.943228
566.024752
566.106277
566.187801
566.269326
566.35085
566.432375
566.513899
566.595424
566.676948
566.758473
566.839997
566.921522
567.003047
567.084571
567.166095
567.24762
567.329145
567.410669
567.492194
567.573718
567.655243
567.736767
567.818292
567.899816
567.981341
568.062865
568.14439
568.225914
568.307439
568.388963
568.470488
568.552013
568.633537
568.715062
568.796586
568.87811
568.959635
569.04116
569.122684
569.204209
569.285733
569.367257
569.448782
569.530307
569.611831
569.693356
569.77488
569.856405
569.937929
570.019453
570.100978
570.182502
570.264028
570.345552
570.427076
570.508601
570.590125
570.67165
570.753175
570.834699
570.916224
570.997748
571.079272
571.160797
571.242321
571.323846
571.40537
571.486896
571.56842
571.649944
571.731469
571.812993
571.894518
571.976043
572.057567
572.139091
572.220616
572.30214
572.383665
572.465189
572.546714
572.628239
572.709763
572.791287
572.872812
572.954337
573.035861
573.117386
573.19891
573.280435
573.361959
573.443483
573.525009
573.606533
573.688058
573.769582
573.851106
573.932634
574.014155
574.09568
574.177205
574.258729
574.340254
574.421778
574.503302
574.584827
574.666351
574.747876
574.829401
574.910925
574.99245
575.073974
575.155498
575.237023
575.318548
575.400073
575.481597
575.563121
575.644646
575.72617
575.807695
575.889219
575.970744
576.052269
576.133793
576.215317
576.296842
576.378366
576.459891
576.541416
576.62294
576.704465
576.785989
576.867513
576.949038
577.030563
577.112087
577.193612
577.275136
577.356661
577.438185
577.51971
577.601234
577.682759
577.764284
577.845808
577.927332
578.008857
578.090385
578.171906
578.253431
578.334955
578.416479
578.498004
578.579529
578.661053
578.742578
578.824102
578.905627
578.987151
579.068676
579.1502
579.231725
579.313249
579.394774
579.476298
579.557823
579.639347
579.720871
579.802397
579.883921
579.965446
580.04697
580.128494
580.210019
580.291543
580.373068
580.454593
580.536117
580.617642
580.699166
580.78069
580.862215
580.943739
581.025265
581.106789
581.188313
581.269838
581.351362
581.432887
581.514411
581.595936
581.677461
581.758985
581.840509
581.922034
582.003558
582.085083
582.166608
582.248135
582.329657
582.411181
582.492705
582.57423
582.655755
582.737279
582.818804
582.900328
582.981853
583.063377
583.144902
583.226426
583.307951
583.389475
583.471
583.552524
583.634049
583.715573
583.797098
583.878623
583.960147
584.041672
584.123196
584.20472
584.286245
584.36777
584.449294
584.530819
584.612343
584.693868
584.775392
584.856917
584.938441
585.019966
585.101491
585.183015
585.264539
585.346064
585.427588
585.509113
585.590638
585.672162
585.753687
585.835211
585.916735
585.99826
586.079785
586.161309
586.242834
586.324358
586.405882
586.487407
586.568932
586.650456
586.731981
586.813505
586.89503
586.976554
587.058078
587.139603
587.221128
587.302653
587.384177
587.465701
587.547226
587.62875
587.710275
587.7918
587.873324
587.954849
588.036373
588.117897
588.199422
588.280946
588.362471
588.443996
588.525521
588.607045
588.688569
588.770094
588.851618
588.933143
589.014668
589.096192
589.177716
589.259241
589.340766
589.42229
589.503815
589.585339
589.666864
589.748388
589.829912
589.911437
589.992962
590.074486
590.156011
590.237535
590.31906
590.400584
590.482108
590.563634
590.645158
590.726683
590.808207
590.889731
590.971259
591.05278
591.134305
591.21583
591.297354
591.378879
591.460403
591.541927
591.623452
591.704976
591.786501
591.868026
591.94955
592.031075
592.112599
592.194124
592.275648
592.357173
592.438698
592.520222
592.601746
592.683271
592.764795
592.84632
592.927844
593.009369
593.090894
593.172418
593.253942
593.335467
593.416992
593.498516
593.580041
593.661565
593.74309
593.824614
593.906138
593.987663
594.069188
594.150712
594.232237
594.313761
594.395286
594.47681
594.558335
594.639859
594.721384
594.802909
594.884433
594.965957
595.047482
595.12901
595.210531
595.292056
595.37358
595.455104
595.536629
595.618154
595.699678
595.781203
595.862728
595.944252
596.025776
596.107301
596.188825
596.27035
596.351874
596.433399
596.514923
596.596448
596.677972
596.759496
596.841022
596.922546
597.004071
597.085595
597.167119
597.248644
597.330168
597.411693
597.493218
597.574742
597.656267
597.737791
597.819315
597.90084
597.982364
598.06389
598.145414
598.226938
598.308463
598.389987
598.471512
598.553036
598.634561
598.716086
598.79761
598.879134
598.960659
599.042183
599.123708
599.205232
599.286761
599.368282
599.449806
599.531331
599.612855
599.69438
599.775904
599.857429
599.938953
600.020478
600.102002
600.183527
600.265052
